,sku,reference_interne_magasin,name,status,on_selection,unite_prix,prix_public,short_description,poids_portion,nbre_portion,price,prix_kilo_site,tax_class_id,marge_arriere,cost,image,small_image,thumbnail,_product_websites,store,websites,commercant,,,categories,saisonnalite,producteur,lien_producteur,origine,labels_produits,produit_biologique,description,suggestion_utilisation,conseil_commercant,poids_par_pers,weight,notes_com,meta_title,meta_description,us_skus,re_skus,cs_skus
,BDM17-BOE-1291,9,Rosbif dans la tranche,Activé,1,kg,19.90 €,1 rosbif de 1kg environ,1.000,1,19.90 €,19.9 €/kg,5,0.2,15.09 €,roti_tranche.jpg,roti_tranche.jpg,roti_tranche.jpg,apdc_batignolles,batignolles,apdc_batignolles,Boucherie des Moines,Bœuf,Rosbif,Mon Boucher/Boucherie des Moines/Bœuf;;Mon Boucher/Boucherie des Moines/Tous,Toute l'année,,,France,Blonde d'Aquitaine ou Limousine,Non,"Le rosbif taillé dans la tranche est un rôti de qualité, tendre et fondant.","Bardé et ficelé, il peut être saisi et coloré dans son plat de cuisson ou dans une poêle avant d’être mis au four. Le temps de cuisson dépend de sa forme et de son poids. Sortir la viande au moins ½ heure voire 1 heure du réfrigérateur avant la cuisson.",,0.180,1.000,Toute l'année,Rosbif dans la tranche,"Le rosbif taillé dans la tranche est un rôti de qualité, tendre et fondant.",BDM17-BOE-1292,"re::^CDV17-VR,MPB17-FSE-1005,re::^MPB17-ARO",
,BDM17-BOE-1022,12,Bifteck haché supérieur,Activé,1,kg,13.95 €,1 steak de 150g environ,0.150,1,2.09 €,13.95 €/kg,5,0.2,1.59 €,steak_hache.jpg,steak_hache.jpg,steak_hache.jpg,apdc_batignolles,batignolles,apdc_batignolles,Boucherie des Moines,Bœuf,,Mon Boucher/Boucherie des Moines/Bœuf;;Mon Boucher/Boucherie des Moines/Tous,Toute l'année,,,France,Blonde d'Aquitaine ou Limousine,Non,,,,0.150,0.150,Toute l'année,Bifteck haché supérieur,,DAN17-BOE-013,"re::^CDV17-VR,MPB17-FSE-1005,re::^MPB17-ARO",
,BDM17-BOE-1019,14,Bifteck bavette d'aloyau,Activé,0,kg,27.95 €,1 bifteck de 160g environ,0.160,1,4.47 €,27.95 €/kg,5,0.2,3.39 €,bavette_aloyau.jpg,bavette_aloyau.jpg,bavette_aloyau.jpg,apdc_batignolles,batignolles,apdc_batignolles,Boucherie des Moines,Bœuf,Bifteck,Mon Boucher/Boucherie des Moines/Bœuf;;Mon Boucher/Boucherie des Moines/Tous,Toute l'année,,,France,Blonde d'Aquitaine ou Limousine,Non,"La bavette d’Aloyau se caractérise par ses fibres longues et peu serrées et sa saveur incomparable. Juteuse, savoureuse et facile à préparer: cette bavette est un standard de la cuisine traditionnelle.","Il aime toutes les cuissons, de « bleu » à « à point », se sert nature ou arrosé d’un beurre fondu, accompagné d’une sauce traditionnelle ou venue d’ailleurs, tous les choix sont permis.","Un bifteck se conserve de deux à trois jours au réfrigérateur, dans sa partie la plus froide.",0.160,0.160,Toute l'année,Bifteck bavette d'aloyau,"La bavette d’Aloyau se caractérise par ses fibres longues et peu serrées et sa saveur incomparable. Juteuse, savoureuse et facile à préparer: cette bavette est un standard de la cuisine traditionnelle.",DAN17-BOE-011,"re::^CDV17-VR,MPB17-FSE-1005,re::^MPB17-ARO",
,BDM17-BOE-1058,21,Carpaccio frais de boeuf,Activé,1,kg,22.90 €,1 portion de 200g environ,0.200,1,4.58 €,22.9 €/kg,5,0.2,3.47 €,BDM17-carpaccio.jpg,BDM17-carpaccio.jpg,BDM17-carpaccio.jpg,apdc_batignolles,batignolles,apdc_batignolles,Boucherie des Moines,Bœuf,,Mon Boucher/Boucherie des Moines/Bœuf;;Mon Boucher/Boucherie des Moines/Tous,Toute l'année,,,France,Fait maison,Non,,,,0.100,0.200,Toute l'année,Carpaccio frais de boeuf,,DAN17-BOE-022,"re::^CDV17-VR,MPB17-FSE-1005,re::^MPB17-ARO",
,BDM17-TRA-1147,64,Escalope Milanaise x2,Activé,1,Pièce,2.20 €,2 escalopes de 120g chacune environ,0.120,2,4.40 €,2.2 €/Pièce,5,0.2,3.34 €,escalopemilanaise.jpg,escalopemilanaise.jpg,escalopemilanaise.jpg,apdc_batignolles,batignolles,apdc_batignolles,Boucherie des Moines,Traiteur,,Mon Boucher/Boucherie des Moines/Traiteur;;Mon Boucher/Boucherie des Moines/Tous,Toute l'année,,,France,,Non,,,,0.000,0.240,Toute l'année,Escalope Milanaise x2,,,"re::^CDV,re::^MPB17-ARO",
,BDM17-POR-1309,107,Rôti de porc palette,Activé,1,kg,12.50 €,1 rôti de 1kg environ,1.000,1,12.50 €,12.5 €/kg,5,0.2,9.48 €,rotiporcpalette.jpg,rotiporcpalette.jpg,rotiporcpalette.jpg,apdc_batignolles,batignolles,apdc_batignolles,Boucherie des Moines,Porc,Porc cru frais,Mon Boucher/Boucherie des Moines/Porc;;Mon Boucher/Boucherie des Moines/Tous,Toute l'année,,,France,,Non,"Les rôtis de palette proviennent du haut de l’épaule, ils sont meilleurs non désossés.",,,0.220,1.000,Toute l'année,Rôti de porc palette,"Les rôtis de palette proviennent du haut de l’épaule, ils sont meilleurs non désossés.",,"re::^CDV,re::^MPB17-ARO",
,BDM17-CHA-1337,137,Saucisse Perche Ardéchoise « Fin Maigre »,Activé,1,kg,34.90 €,1 portion de 100g,0.100,1,3.49 €,34.9 €/kg,5,0.2,2.65 €,saucisseperche.jpg,saucisseperche.jpg,saucisseperche.jpg,apdc_batignolles,batignolles,apdc_batignolles,Boucherie des Moines,Charcuterie,,Mon Boucher/Boucherie des Moines/Charcuterie;;Mon Boucher/Boucherie des Moines/Tous,Toute l'année,Teyssier,,France,,Non,40 % moins grasse : qualité supérieure / fabrication à l'ancienne,,,,0.100,Toute l'année,Saucisse Perche Ardéchoise « Fin Maigre »,40 % moins grasse : qualité supérieure / fabrication à l'ancienne,,"re::^CDV,re::^MPB17-ARO",
,BDM17-VOL-1052,169,Caille de Vendée,Activé,1,pièce,3.75 €,1 pièce de 250g environ,0.250,1,3.75 €,3.75 €/pièce,5,0.2,2.84 €,BDM17_Cailles.jpg,BDM17_Cailles.jpg,BDM17_Cailles.jpg,apdc_batignolles,batignolles,apdc_batignolles,Boucherie des Moines,Volaille,Caille,Mon Boucher/Boucherie des Moines/Volaille;;Mon Boucher/Boucherie des Moines/Tous,,,,France Vendée,,Non," L’automne est la saison durant laquelle il est possible de déguster des cailles issues de la chasse. Les cailles d’élevage,  sont disponibles tout au long de l’année.","On peut déguster la caille entière ou désossée, rôtie, farcie… Elle est souvent cuite au four, mais il est possible de la cuire en cocotte pour éviter que la viande se dessèche trop.","Associez la caille avec des champignons ou des saveurs fruitées, telles le raison, la prune…",0.000,0.250,Toute l'année,Caille de Vendée," L’automne est la saison durant laquelle il est possible de déguster des cailles issues de la chasse. Les cailles d’élevage,  sont disponibles tout au long de l’année.",,"re::^CDV,re::^MPB17-ARO",
,BDM17-VOL-1303,174,Filet de Poulet,Activé,1,kg,14.95 €,1 filet de 170g environ,0.170,1,2.54 €,14.95 €/kg,5,0.2,1.93 €,BDM17-filet-poulet.jpg,BDM17-filet-poulet.jpg,BDM17-filet-poulet.jpg,apdc_batignolles,batignolles,apdc_batignolles,Boucherie des Moines,Volaille,Poulet,Mon Boucher/Boucherie des Moines/Volaille;;Mon Boucher/Boucherie des Moines/Tous,Toute l'année,,,France,,Non,,,,0.000,0.170,Toute l'année,Filet de Poulet,,DAN17-VOL-505,"re::^CDV,re::^MPB17-ARO",
,BDM17-VOL-1208,179,Lapin entier,Activé,1,kg,13.95 €,"1 pièce de 1,9kg environ",1.900,1,26.51 €,13.95 €/kg,5,0.2,20.10 €,,,,apdc_batignolles,batignolles,apdc_batignolles,Boucherie des Moines,Volaille,Lapin,Mon Boucher/Boucherie des Moines/Volaille;;Mon Boucher/Boucherie des Moines/Tous,Toute l'année,,,France Bretagne,,Non,,,,0.000,1.900,Toute l'année,Lapin entier,,,"re::^CDV,re::^MPB17-ARO",
,BDM17-AGN-1045,192,Brochette d'agneau,0,1,kg,23.95 €,"1 brochette de 200g environ
",0.200,1,4.79 €,23.95 €/kg,5,0.2,3.63 €,BDM17-brochetteagneau.jpg,BDM17-brochetteagneau.jpg,BDM17-brochetteagneau.jpg,apdc_batignolles,batignolles,apdc_batignolles,Boucherie des Moines,Agneau,,Mon Boucher/Boucherie des Moines/Agneau;;Mon Boucher/Boucherie des Moines/Tous,,,,France Sisteron,Sisteron Label Rouge,Non,,,,,0.200,Non dispo lors du relevé,Brochette d'agneau,,DAN17-AGN-211,"re::^CDV,re::^MPB17-ARO",
,BDM17-BOE-1350,,Tartare au couteau,Activé,0,kg,19.95 €,1 tartare de 180g environ,0.180,1,3.59 €,19.95 €/kg,5,0.2,2.72 €,BDM17_Tartarecouteau.jpg,BDM17_Tartarecouteau.jpg,BDM17_Tartarecouteau.jpg,apdc_batignolles,batignolles,apdc_batignolles,Boucherie des Moines,Bœuf,,Mon Boucher/Boucherie des Moines/Bœuf;;Mon Boucher/Boucherie des Moines/Tous,,,,France,,Non,,,,0.000,0.180,,Tartare au couteau,,,"re::^CDV,re::^MPB17-ARO",
,BDM17-VOL-1309,,Dinde blanche entière de Thanksgiving,Activé,1,kg,9.00 €,1 dinde de 7kg environ (poids maximum*),7.000,1,63.00 €,9 €/kg,5,0.2,47.77 €,BDM17-dindenetiere.jpg,BDM17-dindenetiere.jpg,BDM17-dindenetiere.jpg,apdc_batignolles,batignolles,apdc_batignolles,Boucherie des Moines,Volaille,Perdrix,Mon Boucher/Boucherie des Moines/Volaille;;Mon Boucher/Boucherie des Moines/Tous,Commande 2/3 jours à l'avance,,,France Normandie,,Non,"La dinde de Noël à l'américaine est une tradition qui a lieu fin Novembre. Moment familial par excellence, la dinde rassemble petit et grand avec sa chair tendre et s'accompagne naturellement d'une farce, d'une purée de potiron, d'épi de maïs et d'une sauce aux cranberries.
</br>*En cas de poids inférieur, la différence vous est intégralement remboursé.",,,0.000,7.000,,Dinde blanche entière de Thanksgiving,"La dinde de Noël à l'américaine est une tradition qui a lieu fin Novembre. Moment familial par excellence, la dinde rassemble petit et grand avec sa chair tendre et s'accompagne naturellement d'une farce, d'une purée de potiron, d'épi de maïs et d'une sauce aux cranberries.
</br>*En cas de poids inf",DAN17-VOL-513,"re::^CDV,re::^MPB17-ARO,BDM17-CHA-1067,BDM17-CHA-1066",
,BDM17-BOE-1296,1,Roti dans filet de bœuf,Activé,0,kg,49.95 €,1 rôti de 1kg environ,1.000,1,49.95 €,49.95 €/kg,5,0.2,37.88 €,roti_filet.jpg,roti_filet.jpg,roti_filet.jpg,apdc_batignolles,batignolles,apdc_batignolles,Boucherie des Moines,Bœuf,,Mon Boucher/Boucherie des Moines/Bœuf;;Mon Boucher/Boucherie des Moines/Tous,Toute l'année,,,France,Blonde d'Aquitaine ou Limousine,Non,Le filet à griller est le morceau le plus tendre du bœuf. C’est un morceau cylindrique et tout en longueur dans lequel sont découpés les chateaubriands et les tournedos. Le filet peut être aussi rôti.,,"Le filet de boeuf se conserve, au réfrigérateur dans sa partie la plus froide, de 2 à 3 jours dans son emballage d'origine, papier parchemin du boucher ou barquette.",0.150,1.000,Toute l'année,Roti dans filet de bœuf,Le filet à griller est le morceau le plus tendre du bœuf. C’est un morceau cylindrique et tout en longueur dans lequel sont découpés les chateaubriands et les tournedos. Le filet peut être aussi rôti.,DAN17-BOE-001,"re::^CDV17-VR,MPB17-FSE-1005,re::^MPB17-ARO",
,BDM17-BOE-1348,1,Steak dans filet de bœuf,Activé,0,kg,49.95 €,1 steak de 180g environ,0.180,1,8.99 €,49.95 €/kg,5,0.2,6.82 €,steakfilet.jpg,steakfilet.jpg,steakfilet.jpg,apdc_batignolles,batignolles,apdc_batignolles,Boucherie des Moines,Bœuf,,Mon Boucher/Boucherie des Moines/Bœuf;;Mon Boucher/Boucherie des Moines/Tous,Toute l'année,,,France,Blonde d'Aquitaine ou Limousine,Non,Le filet à griller est le morceau le plus tendre du bœuf. C’est un morceau cylindrique et tout en longueur dans lequel sont découpés les chateaubriands et les tournedos. Le filet peut être aussi rôti.,,"Le filet de boeuf se conserve, au réfrigérateur dans sa partie la plus froide, de 2 à 3 jours dans son emballage d'origine, papier parchemin du boucher ou barquette.",0.150,0.180,Toute l'année,Steak dans filet de bœuf,Le filet à griller est le morceau le plus tendre du bœuf. C’est un morceau cylindrique et tout en longueur dans lequel sont découpés les chateaubriands et les tournedos. Le filet peut être aussi rôti.,,"re::^CDV17-VR,MPB17-FSE-1005,re::^MPB17-ARO",
,BDM17-BOE-1364,2,Tranche de faux filet à griller,Activé,0,kg,28.95 €,1 tranche de faux-filet de 280g environ,0.280,1,8.11 €,28.95 €/kg,5,0.2,6.15 €,fauxfilet.jpg,fauxfilet.jpg,fauxfilet.jpg,apdc_batignolles,batignolles,apdc_batignolles,Boucherie des Moines,Bœuf,,Mon Boucher/Boucherie des Moines/Bœuf;;Mon Boucher/Boucherie des Moines/Tous,Toute l'année,,,France,Blonde d'Aquitaine ou Limousine,Non,"Le faux-filet à griller est un morceau tendre et savoureux. Il se situe contre le filet dont il se distingue cependant par sa forme, sa texture et sa tendreté mais aussi par son goût, tous proches de ceux de l’entrecôte qu’il jouxte également.","Le faux-filet se conserve, dans le papier du boucher, 2 à 3 jours au réfrigérateur dans sa partie la plus froide. Penser à toujours sortir la viande du réfrigérateur quelques heures avant de la faire cuire. Remise à température ambiante, elle ne sera pas agressée, à la cuisson, par un trop fort écart de température.",,0.250,0.280,Toute l'année,Tranche de faux filet à griller,"Le faux-filet à griller est un morceau tendre et savoureux. Il se situe contre le filet dont il se distingue cependant par sa forme, sa texture et sa tendreté mais aussi par son goût, tous proches de ceux de l’entrecôte qu’il jouxte également.",DAN17-BOE-002,"re::^CDV17-VR,MPB17-FSE-1005,re::^MPB17-ARO",
,BDM17-BOE-1367,3,Tranche de rumsteck à griller,Activé,0,kg,28.95 €,1 tranche de 250g environ,0.250,1,7.24 €,28.95 €/kg,5,0.2,5.49 €,rumsteak.jpg,rumsteak.jpg,rumsteak.jpg,apdc_batignolles,batignolles,apdc_batignolles,Boucherie des Moines,Bœuf,,Mon Boucher/Boucherie des Moines/Bœuf;;Mon Boucher/Boucherie des Moines/Tous,Toute l'année,,,France,Blonde d'Aquitaine ou Limousine,Non,"Le Rumsteck à griller est une viande à fibres courtes, tendre et très savoureuse. De l’anglais rump (croupe) et steak (tranche de grillade), c’est un morceau assez large qui forme le haut de la cuisse dans lequel sont découpés des pavés, des tranches ou des pièces dénommés « en tournedos ».",,,0.250,0.250,Toute l'année,Tranche de rumsteck à griller,"Le Rumsteck à griller est une viande à fibres courtes, tendre et très savoureuse. De l’anglais rump (croupe) et steak (tranche de grillade), c’est un morceau assez large qui forme le haut de la cuisse dans lequel sont découpés des pavés, des tranches ou des pièces dénommés « en tournedos ».","DAN17-BOE-003,DAN17-BOE-026","re::^CDV17-VR,MPB17-FSE-1005,re::^MPB17-ARO",
,BDM17-BOE-1136,4,Entrecôte,Activé,0,kg,28.95 €,1 entrecôte de 280g environ,0.280,1,8.11 €,28.95 €/kg,5,0.2,6.15 €,entrecote.jpg,entrecote.jpg,entrecote.jpg,apdc_batignolles,batignolles,apdc_batignolles,Boucherie des Moines,Bœuf,,Mon Boucher/Boucherie des Moines/Bœuf;;Mon Boucher/Boucherie des Moines/Tous,Toute l'année,,,France,Blonde d'Aquitaine ou Limousine,Non,"L’entrecôte et la côte de bœuf sont issues du même morceau, le milieu de train de côtes. Elle n'est pas ,comme son nom l’indique, découpée entre deux côtes : c’est une côte de bœuf désossée.","Penser à toujours les sortir du réfrigérateur 2 à 3 heures avant de les faire cuire, pour les mettre à température ambiante : elles ne seront pas agressées par un trop fort écart de température au moment de la cuisson. Les bouchers conseillent même jusqu’à 7 heures de remise à température.","L’entrecôte et la côte de bœuf se conservent, dans le papier boucher, 3 jours au réfrigérateur dans sa partie la plus froide.",0.280,0.280,Toute l'année,Entrecôte,"L’entrecôte et la côte de bœuf sont issues du même morceau, le milieu de train de côtes. Elle n'est pas ,comme son nom l’indique, découpée entre deux côtes : c’est une côte de bœuf désossée.",DAN17-BOE-004,"re::^CDV17-VR,MPB17-FSE-1005,re::^MPB17-ARO",
,BDM17-BOE-1092,5,Côte de bœuf,Activé,0,kg,28.95 €,"1 côte de bœuf de 1,5kg environ",1.500,1,43.43 €,28.95 €/kg,5,0.2,32.93 €,cote_de_boeuf.jpg,cote_de_boeuf.jpg,cote_de_boeuf.jpg,apdc_batignolles,batignolles,apdc_batignolles,Boucherie des Moines,Bœuf,,Mon Boucher/Boucherie des Moines/Bœuf;;Mon Boucher/Boucherie des Moines/Tous,Toute l'année,,,France,Blonde d'Aquitaine ou Limousine,Non,"Reine des barbecues, savoureuse à souhait, la côte est l’un des meilleurs morceaux de bœuf à griller.","Le tranchage se fait à table car c’est un vrai cérémonial : après avoir enlevé l’os, la viande se tranche de droite à gauche et en biseau. La côte de bœuf  ne nécessite aucun autre apprêt que de la fleur de sel et du poivre du moulin. 
Penser à toujours les sortir du réfrigérateur 2 à 3 heures avant de les faire cuire, pour les mettre à température ambiante : elles ne seront pas agressées par un trop fort écart de température au moment de la cuisson. Les bouchers conseillent même jusqu’à 7 heures de remise à température.","L’entrecôte et la côte de bœuf se conservent, dans le papier boucher, 3 jours au réfrigérateur dans sa partie la plus froide.",0.250,1.500,Toute l'année,Côte de bœuf,"Reine des barbecues, savoureuse à souhait, la côte est l’un des meilleurs morceaux de bœuf à griller.",DAN17-BOE-005,"re::^CDV17-VR,MPB17-FSE-1005,re::^MPB17-ARO",
,BDM17-BOE-1227,6,Noix d’Entrecôte,Activé,0,kg,24.95 €,1 noix d'entrecote de 300g environ,0.300,1,7.49 €,24.95 €/kg,5,0.2,5.68 €,BDM17-noixentrecote.jpg,BDM17-noixentrecote.jpg,BDM17-noixentrecote.jpg,apdc_batignolles,batignolles,apdc_batignolles,Boucherie des Moines,Bœuf,,Mon Boucher/Boucherie des Moines/Bœuf;;Mon Boucher/Boucherie des Moines/Tous,,,,France,Blonde d'Aquitaine ou Limousine,Non,"L’entrecôte est issue du même morceau que la côte de bœuf. Elle n’est pas, comme son nom l’indique, découpée entre deux côtes mais bien une côte de bœuf désossée.","Elle compte parmi les meilleurs morceaux de bœuf à griller et à partager à deux. Sa viande, persillée et à fibres courtes, est tendre et savoureuse.",,,0.300,Pas dispo lors du relevé,Noix d’Entrecôte,"L’entrecôte est issue du même morceau que la côte de bœuf. Elle n’est pas, comme son nom l’indique, découpée entre deux côtes mais bien une côte de bœuf désossée.",,"re::^CDV17-VR,MPB17-FSE-1005,re::^MPB17-ARO",
,BDM17-BOE-1292,7,Rosbif dans le rumsteck (château),Activé,0,kg,26.95 €,1 rosbif de 1kg environ,1.000,1,26.95 €,26.95 €/kg,5,0.2,20.44 €,roti_rumsteak.jpg,roti_rumsteak.jpg,roti_rumsteak.jpg,apdc_batignolles,batignolles,apdc_batignolles,Boucherie des Moines,Bœuf,Rosbif,Mon Boucher/Boucherie des Moines/Bœuf;;Mon Boucher/Boucherie des Moines/Tous,Toute l'année,,,France,Blonde d'Aquitaine ou Limousine,Non,"Le rosbif taillé dans le rumsteak est un rôti de qualité, tendre et fondant.","Bardé et ficelé, il peut être saisi et coloré dans son plat de cuisson ou dans une poêle avant d’être mis au four. Le temps de cuisson dépend de sa forme et de son poids. Sortir la viande au moins ½ heure voire 1 heure du réfrigérateur avant la cuisson.",,0.180,1.000,Toute l'année,Rosbif dans le rumsteck (château),"Le rosbif taillé dans le rumsteak est un rôti de qualité, tendre et fondant.",DAN17-BOE-026,"re::^CDV17-VR,MPB17-FSE-1005,re::^MPB17-ARO",
,BDM17-BOE-1323,8,Rumsteck façon Tournedos,Activé,0,kg,28.95 €,1 tranche de Rumsteak de 180g chacun environ,0.180,1,5.21 €,28.95 €/kg,5,0.2,3.95 €,tournedos_boeuf.jpg,tournedos_boeuf.jpg,tournedos_boeuf.jpg,apdc_batignolles,batignolles,apdc_batignolles,Boucherie des Moines,Bœuf,,Mon Boucher/Boucherie des Moines/Bœuf;;Mon Boucher/Boucherie des Moines/Tous,Toute l'année,,,France,Blonde d'Aquitaine ou Limousine,Non,"Le rumsteck façon Tournedos est préparé de la même façon qu'un tournedos mais ne peut porter le même nom, car ce dernier est limité au filet.",,,0.170,0.180,Toute l'année,Rumsteck façon Tournedos,"Le rumsteck façon Tournedos est préparé de la même façon qu'un tournedos mais ne peut porter le même nom, car ce dernier est limité au filet.",,"re::^CDV17-VR,MPB17-FSE-1005,re::^MPB17-ARO",
,BDM17-BOE-1290,10,Rosbif dans l'Aiguillette,0,0,kg,17.90 €,1 rosbif de 1kg environ,1.000,1,17.90 €,17.9 €/kg,5,0.2,13.57 €,BDM17-rosbifaiguillette.jpg,BDM17-rosbifaiguillette.jpg,BDM17-rosbifaiguillette.jpg,apdc_batignolles,batignolles,apdc_batignolles,Boucherie des Moines,Bœuf,Rosbif,Mon Boucher/Boucherie des Moines/Bœuf;;Mon Boucher/Boucherie des Moines/Tous,Toute l'année,,,France,Blonde d'Aquitaine ou Limousine,Non,"Le rosbif taillé dans l'aiguillette est un rôti de qualité, tendre et fondant.","Le rosbif permet un plaisir au quotidien. Pour l’apprécier au mieux, servir des tranches plutôt fines. Froid, il permet de préparer en un clin d’œil une assiette gourmande.",,,1.000,Toute l'année,Rosbif dans l'Aiguillette,"Le rosbif taillé dans l'aiguillette est un rôti de qualité, tendre et fondant.",BDM17-BOE-1291,"re::^CDV17-VR,MPB17-FSE-1005,re::^MPB17-ARO",
,BDM17-BOE-1351,11,Tartare,Activé,0,kg,17.90 €,1 tartare de 180g environ,0.180,1,3.22 €,17.9 €/kg,5,0.2,2.44 €,tartare.jpg,tartare.jpg,tartare.jpg,apdc_batignolles,batignolles,apdc_batignolles,Boucherie des Moines,Bœuf,,Mon Boucher/Boucherie des Moines/Bœuf;;Mon Boucher/Boucherie des Moines/Tous,,,,France,,Non,,,,0.000,0.180,,Tartare,,DAN17-BOE-014,"re::^CDV17-VR,MPB17-FSE-1005,re::^MPB17-ARO",
,BDM17-BOE-1027,13,Bifteck poire merlan,Activé,0,kg,28.95 €,1 tranche de 180g environ,0.180,1,5.21 €,28.95 €/kg,5,0.2,3.95 €,BDM17-bifteckpoire.jpg,BDM17-bifteckpoire.jpg,BDM17-bifteckpoire.jpg,apdc_batignolles,batignolles,apdc_batignolles,Boucherie des Moines,Bœuf,Bifteck,Mon Boucher/Boucherie des Moines/Bœuf;;Mon Boucher/Boucherie des Moines/Tous,Toute l'année,,,France,Blonde d'Aquitaine ou Limousine,Non,"Le steak ou bifteck est une pièce de viande peu épaisse, très tendre, à fibres courtes ou longues, et toujours savoureuse. Parmi les pièces du boucher, ce steak de poire est particulièrement tendre: un excellent steak réservé aux connaisseurs.","Il aime toutes les cuissons, de « bleu » à « à point », se sert nature ou arrosé d’un beurre fondu, accompagné d’une sauce traditionnelle ou venue d’ailleurs, tous les choix sont permis.","Un bifteck se conserve de deux à trois jours au réfrigérateur, dans sa partie la plus froide.",0.160,0.180,Toute l'année,Bifteck poire merlan,"Le steak ou bifteck est une pièce de viande peu épaisse, très tendre, à fibres courtes ou longues, et toujours savoureuse. Parmi les pièces du boucher, ce steak de poire est particulièrement tendre: un excellent steak réservé aux connaisseurs.",,"re::^CDV17-VR,MPB17-FSE-1005,re::^MPB17-ARO",
,BDM17-BOE-1302,15,Bifteck bavette,0,0,kg,24.95 €,1 tranche de 180g environ,0.180,1,4.49 €,24.95 €/kg,5,0.2,3.41 €,BDM17-bifteckbavette.jpg,BDM17-bifteckbavette.jpg,BDM17-bifteckbavette.jpg,apdc_batignolles,batignolles,apdc_batignolles,Boucherie des Moines,Bœuf,Bifteck,Mon Boucher/Boucherie des Moines/Bœuf;;Mon Boucher/Boucherie des Moines/Tous,Toute l'année,,,France,Blonde d'Aquitaine ou Limousine,Non,"La bavette se caractérise par ses fibres longues et peu serrées et sa saveur incomparable. Juteuse, savoureuse et facile à préparer: cette bavette est un standard de la cuisine traditionnelle.","Il aime toutes les cuissons, de « bleu » à « à point », se sert nature ou arrosé d’un beurre fondu, accompagné d’une sauce traditionnelle ou venue d’ailleurs, tous les choix sont permis.","Un bifteck se conserve de deux à trois jours au réfrigérateur, dans sa partie la plus froide.",0.160,0.180,Non dispo lors du relevé,Bifteck bavette,"La bavette se caractérise par ses fibres longues et peu serrées et sa saveur incomparable. Juteuse, savoureuse et facile à préparer: cette bavette est un standard de la cuisine traditionnelle.",DAN17-BOE-011,"re::^CDV17-VR,MPB17-FSE-1005,re::^MPB17-ARO",
,BDM17-BOE-1246,16,Pièce à fondue,0,0,kg,28.95 €,1 tranche de 180g environ,0.180,1,5.21 €,28.95 €/kg,5,0.2,3.95 €,piece_fondue.jpg,piece_fondue.jpg,piece_fondue.jpg,apdc_batignolles,batignolles,apdc_batignolles,Boucherie des Moines,Bœuf,,Mon Boucher/Boucherie des Moines/Bœuf;;Mon Boucher/Boucherie des Moines/Tous,Toute l'année,,,,,Non,,,,0.160,0.180,Toute l'année,Pièce à fondue,,,"re::^CDV17-VR,MPB17-FSE-1005,re::^MPB17-ARO",
,BDM17-BOE-1020,17,Bifteck dessus palette,Activé,0,kg,28.95 €,1 tranche de 180g environ,0.180,1,5.21 €,28.95 €/kg,5,0.2,3.95 €,BDM17-bifteckdessus.jpg,BDM17-bifteckdessus.jpg,BDM17-bifteckdessus.jpg,apdc_batignolles,batignolles,apdc_batignolles,Boucherie des Moines,Bœuf,Bifteck,Mon Boucher/Boucherie des Moines/Bœuf;;Mon Boucher/Boucherie des Moines/Tous,Toute l'année,,,France,Blonde d'Aquitaine ou Limousine,Non,"Le steak ou bifteck est une pièce de viande peu épaisse, très tendre, à fibres courtes ou longues, et toujours savoureuse.","Il aime toutes les cuissons, de « bleu » à « à point », se sert nature ou arrosé d’un beurre fondu, accompagné d’une sauce traditionnelle ou venue d’ailleurs, tous les choix sont permis.","Un bifteck se conserve de deux à trois jours au réfrigérateur, dans sa partie la plus froide.",0.160,0.180,Toute l'année,Bifteck dessus palette,"Le steak ou bifteck est une pièce de viande peu épaisse, très tendre, à fibres courtes ou longues, et toujours savoureuse.",,"re::^CDV17-VR,MPB17-FSE-1005,re::^MPB17-ARO",
,BDM17-BOE-1024,17,Bifteck mouvant,Activé,0,kg,27.95 €,1 tranche de 180g environ,0.180,1,5.03 €,27.95 €/kg,5,0.2,3.81 €,BDM17-bifteckpoire.jpg,BDM17-bifteckpoire.jpg,BDM17-bifteckpoire.jpg,apdc_batignolles,batignolles,apdc_batignolles,Boucherie des Moines,Bœuf,Bifteck,Mon Boucher/Boucherie des Moines/Bœuf;;Mon Boucher/Boucherie des Moines/Tous,,,,France,Blonde d'Aquitaine ou Limousine,Non,"Le steak ou bifteck est une pièce de viande peu épaisse, très tendre, à fibres courtes ou longues, et toujours savoureuse. Le mouvant, de la même famille que la poire ou le merlan est un morceau très savoureux.","Il aime toutes les cuissons, de « bleu » à « à point », se sert nature ou arrosé d’un beurre fondu, accompagné d’une sauce traditionnelle ou venue d’ailleurs, tous les choix sont permis.","Un bifteck se conserve de deux à trois jours au réfrigérateur, dans sa partie la plus froide.",0.150,0.180,Pas dispo lors du relevé,Bifteck mouvant,"Le steak ou bifteck est une pièce de viande peu épaisse, très tendre, à fibres courtes ou longues, et toujours savoureuse. Le mouvant, de la même famille que la poire ou le merlan est un morceau très savoureux.",DAN17-BOE-012,"re::^CDV17-VR,MPB17-FSE-1005,re::^MPB17-ARO",
,BDM17-BOE-1028,17,Bifteck tranche grasse,Activé,0,kg,27.95 €,1 tranche de 180g environ,0.180,1,5.03 €,27.95 €/kg,5,0.2,3.81 €,BDM17-biftecktranchegrasse.jpg,BDM17-biftecktranchegrasse.jpg,BDM17-biftecktranchegrasse.jpg,apdc_batignolles,batignolles,apdc_batignolles,Boucherie des Moines,Bœuf,Bifteck,Mon Boucher/Boucherie des Moines/Bœuf;;Mon Boucher/Boucherie des Moines/Tous,,,,France,Blonde d'Aquitaine ou Limousine,Non,"Le steak ou bifteck est une pièce de viande peu épaisse, très tendre, à fibres courtes ou longues, et toujours savoureuse.","Il aime toutes les cuissons, de « bleu » à « à point », se sert nature ou arrosé d’un beurre fondu, accompagné d’une sauce traditionnelle ou venue d’ailleurs, tous les choix sont permis.","Un bifteck se conserve de deux à trois jours au réfrigérateur, dans sa partie la plus froide.",0.150,0.180,Pas dispo lors du relevé,Bifteck tranche grasse,"Le steak ou bifteck est une pièce de viande peu épaisse, très tendre, à fibres courtes ou longues, et toujours savoureuse.",,"re::^CDV17-VR,MPB17-FSE-1005,re::^MPB17-ARO",
,BDM17-BOE-1025,18,Bifteck onglet,Activé,0,kg,24.95 €,1 tranche de 180g environ,0.180,1,4.49 €,24.95 €/kg,5,0.2,3.41 €,BDM17-bifteckonglet.jpg,BDM17-bifteckonglet.jpg,BDM17-bifteckonglet.jpg,apdc_batignolles,batignolles,apdc_batignolles,Boucherie des Moines,Bœuf,Bifteck,Mon Boucher/Boucherie des Moines/Bœuf;;Mon Boucher/Boucherie des Moines/Tous,,,,France,Blonde d'Aquitaine ou Limousine,Non,"L’onglet une viande à fibres longues, de caractère, tendre et très gouteuse, particulièrement appréciée des amateurs. La hampe et l’onglet font partie de ce que l’on appelle communément les ""morceaux du boucher"", car ils sont difficiles à détailler : ils sont présents en quantité restreinte sur l’animal, et nécessitent un travail important de la part du boucher qui doit user de patience pour les préparer.","Servi nature, saignant, juste salé et poivré, il exprime toutes ses saveurs. Servi « façon bistrot » avec une tombée d’échalotes, il se donne un petit air musclé.","La hampe et l’onglet, comme tout bifteck, se conserveront deux à trois jours au réfrigérateur.",0.150,0.180,Pas dispo lors du relevé,Bifteck onglet,"L’onglet une viande à fibres longues, de caractère, tendre et très gouteuse, particulièrement appréciée des amateurs. La hampe et l’onglet font partie de ce que l’on appelle communément les ""morceaux du boucher"", car ils sont difficiles à détailler : ils sont présents en quantité restreinte sur l’an",DAN17-BOE-019,"re::^CDV17-VR,MPB17-FSE-1005,re::^MPB17-ARO",
,BDM17-BOE-1023,19,Bifteck hampe,Activé,0,kg,24.90 €,1 tranche de 180g environ,0.180,1,4.48 €,24.9 €/kg,5,0.2,3.40 €,BDM17-bifteckhampe.jpg,BDM17-bifteckhampe.jpg,BDM17-bifteckhampe.jpg,apdc_batignolles,batignolles,apdc_batignolles,Boucherie des Moines,Bœuf,Bifteck,Mon Boucher/Boucherie des Moines/Bœuf;;Mon Boucher/Boucherie des Moines/Tous,,,,France,Blonde d'Aquitaine ou Limousine,Non,"La hampe est une viande très goûteuse reconnaissable à ses fibres longues et très apparentes. La hampe et l’onglet font partie de ce que l’on appelle communément les ""morceaux du boucher"", car ils sont difficiles à détailler : ils sont présents en quantité restreinte sur l’animal, et nécessitent un travail important de la part du boucher qui doit user de patience pour les préparer.","Les amateurs la préfèrent saignante, une cuisson qui permet d’apprécier toutes ses qualités gustatives, et notamment sa jutosité et sa consistance en bouche très caractéristiques.","La hampe et l’onglet, comme tout bifteck, se conserveront deux à trois jours au réfrigérateur.",0.150,0.180,Pas dispo lors du relevé,Bifteck hampe,"La hampe est une viande très goûteuse reconnaissable à ses fibres longues et très apparentes. La hampe et l’onglet font partie de ce que l’on appelle communément les ""morceaux du boucher"", car ils sont difficiles à détailler : ils sont présents en quantité restreinte sur l’animal, et nécessitent un ",,"re::^CDV17-VR,MPB17-FSE-1005,re::^MPB17-ARO",
,BDM17-BOE-1018,20,Bifteck araignée,Activé,0,kg,26.95 €,1 tranche de 180g environ,0.180,1,4.85 €,26.95 €/kg,5,0.2,3.68 €,BDM17-araigneeboeuf.jpg,BDM17-araigneeboeuf.jpg,BDM17-araigneeboeuf.jpg,apdc_batignolles,batignolles,apdc_batignolles,Boucherie des Moines,Bœuf,Bifteck,Mon Boucher/Boucherie des Moines/Bœuf;;Mon Boucher/Boucherie des Moines/Tous,,,,France,Blonde d'Aquitaine ou Limousine,Non,"Morceau de la tranche, l’araignée est de forme très irrégulière, dont les fibres musculaires ressemblent aux pattes d’une araignée.","Il aime toutes les cuissons, de « bleu » à « à point », se sert nature ou arrosé d’un beurre fondu, accompagné d’une sauce traditionnelle ou venue d’ailleurs, tous les choix sont permis.","Un bifteck se conserve de deux à trois jours au réfrigérateur, dans sa partie la plus froide.",0.150,0.180,Sur commande,Bifteck araignée,"Morceau de la tranche, l’araignée est de forme très irrégulière, dont les fibres musculaires ressemblent aux pattes d’une araignée.",DAN17-BOE-025,"re::^CDV17-VR,MPB17-FSE-1005,re::^MPB17-ARO",
,BDM17-BOE-1026,22,Bifteck persillé (pièce parée),Activé,0,kg,26.95 €,1 tranche de bifteck de 160g environ,0.160,1,4.31 €,26.95 €/kg,5,0.2,3.27 €,bifteckpersille.jpg,bifteckpersille.jpg,bifteckpersille.jpg,apdc_batignolles,batignolles,apdc_batignolles,Boucherie des Moines,Bœuf,Bifteck,Mon Boucher/Boucherie des Moines/Bœuf;;Mon Boucher/Boucherie des Moines/Tous,Toute l'année,,,France,Blonde d'Aquitaine ou Limousine,Non,"Le steak ou bifteck est une pièce de viande peu épaisse, très tendre, à fibres courtes ou longues, et toujours savoureuse.","Il aime toutes les cuissons, de « bleu » à « à point », se sert nature ou arrosé d’un beurre fondu, accompagné d’une sauce traditionnelle ou venue d’ailleurs, tous les choix sont permis.","Un bifteck se conserve de deux à trois jours au réfrigérateur, dans sa partie la plus froide.",0.160,0.160,Toute l'année,Bifteck persillé (pièce parée),"Le steak ou bifteck est une pièce de viande peu épaisse, très tendre, à fibres courtes ou longues, et toujours savoureuse.",,"re::^CDV17-VR,MPB17-FSE-1005,re::^MPB17-ARO",
,BDM17-BOE-1182,23,Gîte de boeuf,Activé,0,kg,14.95 €,1 portion de 250g environ,0.250,1,3.74 €,14.95 €/kg,5,0.2,2.83 €,BDM17-giteboeuf.jpg,BDM17-giteboeuf.jpg,BDM17-giteboeuf.jpg,apdc_batignolles,batignolles,apdc_batignolles,Boucherie des Moines,Bœuf,,Mon Boucher/Boucherie des Moines/Bœuf;;Mon Boucher/Boucherie des Moines/Tous,Toute l'année,,,France,Blonde d'Aquitaine ou Limousine,Non,"Le nom de ce morceau gélatineux vient du verbe ""gésir"", qui signifie être couché en vieux français, car les muscles du jarret touchent le sol quand l’animal se couche. On lui donne aussi le nom de jarret lorsqu'il s'agit de la gîte arrière. Doté d'un os à moelle, Il est principalement destiné au pot au feu,  Désossé, il est aussi utilisé dans le boeuf mode, le bourguignon, les daubes ou autres ragout et paré en bifsteck.","Chaque région a sa recette de daube, la Provence étant la plus connue avec ses variantes comme la daube du gardian. Cuisiné en tranches épaisses et mijoté longuement avec des épices et des condiments, il s’accompagne de légumes frais ou secs comme les lentilles.",,0.200,0.250,Toute l'année,Gîte de boeuf,"Le nom de ce morceau gélatineux vient du verbe ""gésir"", qui signifie être couché en vieux français, car les muscles du jarret touchent le sol quand l’animal se couche. On lui donne aussi le nom de jarret lorsqu'il s'agit de la gîte arrière. Doté d'un os à moelle, Il est principalement destiné au pot",DAN17-BOE-017,"re::^CDV17-VR,MPB17-FSE-1005,re::^MPB17-ARO",
,BDM17-BOE-1203,24,Jumeau de bœuf,Activé,0,kg,18.95 €,1 portion de 200g,0.200,1,3.79 €,18.95 €/kg,5,0.2,2.87 €,BDM17-jumeauboeuf.jpg,BDM17-jumeauboeuf.jpg,BDM17-jumeauboeuf.jpg,apdc_batignolles,batignolles,apdc_batignolles,Boucherie des Moines,Bœuf,,Mon Boucher/Boucherie des Moines/Bœuf;;Mon Boucher/Boucherie des Moines/Tous,,,,France,Blonde d'Aquitaine ou Limousine,Non,,,,,0.200,Non dispo lors du relevé,Jumeau de bœuf,,DAN17-BOE-027,"re::^CDV17-VR,MPB17-FSE-1005,re::^MPB17-ARO",
,BDM17-BOE-1082,25,Collier de Boeuf,Activé,0,kg,14.95 €,1 portion de 1kg,1.000,1,14.95 €,14.95 €/kg,5,0.2,11.34 €,BDM17-collierboeuf.jpg,BDM17-collierboeuf.jpg,BDM17-collierboeuf.jpg,apdc_batignolles,batignolles,apdc_batignolles,Boucherie des Moines,Bœuf,,Mon Boucher/Boucherie des Moines/Bœuf;;Mon Boucher/Boucherie des Moines/Tous,,,,France,Blonde d'Aquitaine ou Limousine,Non,,,,,1.000,Non dispo lors du relevé,Collier de Boeuf,,,"re::^CDV17-VR,MPB17-FSE-1005,re::^MPB17-ARO",
,BDM17-BOE-1274,26,Préparation pour Bourguignon (paleron et gite détaillé),Activé,1,kg,14.90 €,1 ensemble de 800g environ,0.800,1,11.92 €,14.9 €/kg,5,0.2,9.04 €,bourguignon.jpg,bourguignon.jpg,bourguignon.jpg,apdc_batignolles,batignolles,apdc_batignolles,Boucherie des Moines,Bœuf,,Mon Boucher/Boucherie des Moines/Bœuf;;Mon Boucher/Boucherie des Moines/Tous,,,,France,Blonde d'Aquitaine ou Limousine,Non,,,,0.000,0.800,,Préparation pour Bourguignon (paleron et gite détaillé),,DAN17-BOE-015,"re::^CDV17-VR,MPB17-FSE-1005,re::^MPB17-ARO",
,BDM17-BOE-1234,27,Paleron,Activé,0,kg,18.95 €,1 tranche de 180g environ,0.180,1,3.41 €,18.95 €/kg,5,0.2,2.59 €,BDM17-paleron.jpg,BDM17-paleron.jpg,BDM17-paleron.jpg,apdc_batignolles,batignolles,apdc_batignolles,Boucherie des Moines,Bœuf,,Mon Boucher/Boucherie des Moines/Bœuf;;Mon Boucher/Boucherie des Moines/Tous,Toute l'année,,,France,Blonde d'Aquitaine ou Limousine,Non,"Le paleron est reconnaissable à sa forme charnue et à la bande gélatineuse qui le traverse ; en fondant sous l’effet de la cuisson, elle « nourrit » la viande et la rend fondante.",C'est un morceau qui nécessite une cuisson longue et douce pour exprimer un moelleux incomparable. Il se cuisine seul ou accompagné de légumes comme les carottes.,C'est entre 0 et +3°C que la viande se conserve le mieux. Proscrire les boîtes hermétiques en plastique et le papier d'aluminium. Préférer un papier paraffiné qui empêche le dessèchement tout en laissant circuler l'air.,0.160,0.180,Toute l'année,Paleron,"Le paleron est reconnaissable à sa forme charnue et à la bande gélatineuse qui le traverse ; en fondant sous l’effet de la cuisson, elle « nourrit » la viande et la rend fondante.",DAN17-BOE-018,"re::^CDV17-VR,MPB17-FSE-1005,re::^MPB17-ARO",
,BDM17-BOE-1255,28,Plat de côtes,Activé,0,kg,9.90 €,1 portion de 300g environ,0.300,1,2.97 €,9.9 €/kg,5,0.2,2.25 €,BDM17-platdecote.jpg,BDM17-platdecote.jpg,BDM17-platdecote.jpg,apdc_batignolles,batignolles,apdc_batignolles,Boucherie des Moines,Bœuf,,Mon Boucher/Boucherie des Moines/Bœuf;;Mon Boucher/Boucherie des Moines/Tous,Toute l'année,,,France,Blonde d'Aquitaine ou Limousine,Non,"Le plat-de-côtes est une viande à fibres longues. Situé à l'extrémité des os des côtes, le plat-de-côtes est formé d'un ensemble de 13 côtes qui se présentent comme un panneau.
Le plat-de-côtes est une viande savoureuse parce qu'elle est située prés des os.","Il est excellent bouilli et servi chaud. Tiède ou froid et effiloché, il permet de préparer de délicieuses salades composées.","Le plat-de-côtes ne se conserve pas plus de deux jours au réfrigérateur,dans sa partie la plus froide.",0.300,0.300,Toute l'année,Plat de côtes,"Le plat-de-côtes est une viande à fibres longues. Situé à l'extrémité des os des côtes, le plat-de-côtes est formé d'un ensemble de 13 côtes qui se présentent comme un panneau.
Le plat-de-côtes est une viande savoureuse parce qu'elle est située prés des os.",DAN17-BOE-016,"re::^CDV17-VR,MPB17-FSE-1005,re::^MPB17-ARO",
,BDM17-BOE-1276,29,Queue de bœuf,Activé,0,kg,14.90 €,1 portion de 500g,0.500,1,7.45 €,14.9 €/kg,5,0.2,5.65 €,BDM17-queueboeuf.jpg,BDM17-queueboeuf.jpg,BDM17-queueboeuf.jpg,apdc_batignolles,batignolles,apdc_batignolles,Boucherie des Moines,Bœuf,,Mon Boucher/Boucherie des Moines/Bœuf;;Mon Boucher/Boucherie des Moines/Tous,,,,France,Blonde d'Aquitaine ou Limousine,Non,La queue de bœuf est un morceau très savoureux qui réapparaît sur les tables ces dernières années.,"Confite, en gelée, en terrines ou en salades, elle doit cuire longuement et doucement pour se détacher de ses os et exprimer tout son fondant.",,0.000,0.500,Pas dispo lors du relevé,Queue de bœuf,La queue de bœuf est un morceau très savoureux qui réapparaît sur les tables ces dernières années.,DAN17-BOE-020,"re::^CDV17-VR,MPB17-FSE-1005,re::^MPB17-ARO",
,BDM17-BOE-1089,30,Côte Angus,Activé,0,kg,36.95 €,1 cote de 1kg environ,1.000,1,36.95 €,36.95 €/kg,5,0.2,28.02 €,BDM17-coteangus.jpg,BDM17-coteangus.jpg,BDM17-coteangus.jpg,apdc_batignolles,batignolles,apdc_batignolles,Boucherie des Moines,Bœuf,Angus,Mon Boucher/Boucherie des Moines/Bœuf;;Mon Boucher/Boucherie des Moines/Tous,,,,Irlande,Angus,Non,,,,,1.000,Non dispo lors du relevé,Côte Angus,,,"re::^CDV17-VR,MPB17-FSE-1005,re::^MPB17-ARO",
,BDM17-BOE-1293,31,Rosbif sans barde,Activé,0,kg,29.95 €,1 rosbif de 1kg environ,1.000,1,29.95 €,29.95 €/kg,5,0.2,22.71 €,BDM17-rosbifsansbarde.jpg,BDM17-rosbifsansbarde.jpg,BDM17-rosbifsansbarde.jpg,apdc_batignolles,batignolles,apdc_batignolles,Boucherie des Moines,Bœuf,,Mon Boucher/Boucherie des Moines/Bœuf;;Mon Boucher/Boucherie des Moines/Tous,,,,France,Blonde d'Aquitaine ou Limousine,Non,,,,,1.000,Non dispo lors du relevé,Rosbif sans barde,,,"re::^CDV17-VR,MPB17-FSE-1005,re::^MPB17-ARO",
,BDM17-BOE-1361,32,Tournedos (filet de bœuf),Activé,1,kg,49.95 €,1 tournedos de  180g environ,0.180,1,8.99 €,49.95 €/kg,5,0.2,6.82 €,tournedos_boeuf.jpg,tournedos_boeuf.jpg,tournedos_boeuf.jpg,apdc_batignolles,batignolles,apdc_batignolles,Boucherie des Moines,Bœuf,,Mon Boucher/Boucherie des Moines/Bœuf;;Mon Boucher/Boucherie des Moines/Tous,Toute l'année,,,France,Blonde d'Aquitaine ou Limousine,Non,"Le Tournedos est une pièce de viande très tendre, bardée et ficelée d’environ 2 cm d’épaisseur, uniquement coupée dans le filet.",,,0.170,0.180,Toute l'année,Tournedos (filet de bœuf),"Le Tournedos est une pièce de viande très tendre, bardée et ficelée d’environ 2 cm d’épaisseur, uniquement coupée dans le filet.",DAN17-BOE-007,"re::^CDV17-VR,MPB17-FSE-1005,re::^MPB17-ARO",
,BDM17-BOE-1135,33,Entrecôte Angus,Activé,0,kg,38.95 €,1 entrecôte de 300g environ,0.300,1,11.69 €,38.95 €/kg,5,0.2,8.86 €,BDM17-entrecoteangus.jpg,BDM17-entrecoteangus.jpg,BDM17-entrecoteangus.jpg,apdc_batignolles,batignolles,apdc_batignolles,Boucherie des Moines,Bœuf,Angus,Mon Boucher/Boucherie des Moines/Bœuf;;Mon Boucher/Boucherie des Moines/Tous,,,,Irlande,Angus,Non,,,,,0.300,Non dispo lors du relevé,Entrecôte Angus,,,"re::^CDV17-VR,MPB17-FSE-1005,re::^MPB17-ARO",
,BDM17-BOE-1202,34,Joue de bœuf,Activé,0,kg,18.90 €,1 portion de 1kg environ,1.000,1,18.90 €,18.9 €/kg,5,0.2,14.33 €,BDM17-joueboeuf.jpg,BDM17-joueboeuf.jpg,BDM17-joueboeuf.jpg,apdc_batignolles,batignolles,apdc_batignolles,Boucherie des Moines,Bœuf,,Mon Boucher/Boucherie des Moines/Bœuf;;Mon Boucher/Boucherie des Moines/Tous,,,,France,Blonde d'Aquitaine ou Limousine,Non,La joue de bœuf est un morceau très savoureux et très goûteux qui demande une cuisson prolongée à feu doux.,Elle peut être mise à reposer toute une nuit dans une marinade longue à base de vin et d’épices qui servira ensuite à la cuisson.,,0.000,1.000,Pas dispo lors du relevé,Joue de bœuf,La joue de bœuf est un morceau très savoureux et très goûteux qui demande une cuisson prolongée à feu doux.,DAN17-BOE-021,"re::^CDV17-VR,MPB17-FSE-1005,re::^MPB17-ARO",
,BDM17-BOE-1035,35,Boeuf à braiser,0,0,kg,17.95 €,???,???,1,#VALUE!,#VALUE!,5,0.2,#VALUE!,,,,apdc_batignolles,batignolles,apdc_batignolles,Boucherie des Moines,Bœuf,,Mon Boucher/Boucherie des Moines/Bœuf;;Mon Boucher/Boucherie des Moines/Tous,,,,France,,Non,,,,,#VALUE!,Non dispo lors du relevé,Boeuf à braiser,,,"re::^CDV17-VR,MPB17-FSE-1005,re::^MPB17-ARO",
,BDM17-BOE-1016,36,Basse côte,Activé,0,kg,18.95 €,1 cote de 200g environ,0.200,1,3.79 €,18.95 €/kg,5,0.2,2.87 €,BDM17-bassecotedeboeuf.jpg,BDM17-bassecotedeboeuf.jpg,BDM17-bassecotedeboeuf.jpg,apdc_batignolles,batignolles,apdc_batignolles,Boucherie des Moines,Bœuf,,Mon Boucher/Boucherie des Moines/Bœuf;;Mon Boucher/Boucherie des Moines/Tous,Toute l'année,,,France,Blonde d'Aquitaine ou Limousine,Non,Les basses-côtes sont des pièces de viande persillée qui font d’excellentes grillades à savourer « saignant » ou « à point » selon les goûts. Elle fait également d’excellents ragoûts.,A bouillir ou à braiser,Les basses côtes se conservent deux à trois jours au réfrigérateur dans sa partie la plus froide.,0.200,0.200,Toute l'année,Basse côte,Les basses-côtes sont des pièces de viande persillée qui font d’excellentes grillades à savourer « saignant » ou « à point » selon les goûts. Elle fait également d’excellents ragoûts.,DAN17-BOE-006,"re::^CDV17-VR,MPB17-FSE-1005,re::^MPB17-ARO",
,BDM17-BOE-1213,37,Macreuse,Activé,0,kg,14.95 €,1 portion de 1kg environ,1.000,1,14.95 €,14.95 €/kg,5,0.2,11.34 €,BDM17-macreuseboeuf.jpg,BDM17-macreuseboeuf.jpg,BDM17-macreuseboeuf.jpg,apdc_batignolles,batignolles,apdc_batignolles,Boucherie des Moines,Bœuf,,Mon Boucher/Boucherie des Moines/Bœuf;;Mon Boucher/Boucherie des Moines/Tous,Toute l'année,,,France,Blonde d'Aquitaine ou Limousine,Non,"La macreuse à bifteck, dite aussi noix ou boule de macreuse. C'est une viande rouge foncée assez maigre, divisée en deux par un nerf central. Elle se sert en bifteck, en tranche à rôtir ou en brochette.",,La viande de bœuf ne se conserve pas plus de deux ou trois jours au réfrigérateur.,0.160,1.000,Toute l'année,Macreuse,"La macreuse à bifteck, dite aussi noix ou boule de macreuse. C'est une viande rouge foncée assez maigre, divisée en deux par un nerf central. Elle se sert en bifteck, en tranche à rôtir ou en brochette.",DAN17-BOE-028,"re::^CDV17-VR,MPB17-FSE-1005,re::^MPB17-ARO",
,BDM17-BOE-1007,38,Aiguillette,Activé,0,kg,28.95 €,1 portion de 800g environ,0.800,1,23.16 €,28.95 €/kg,5,0.2,17.56 €,BDM17-aiguillette.jpg,BDM17-aiguillette.jpg,BDM17-aiguillette.jpg,apdc_batignolles,batignolles,apdc_batignolles,Boucherie des Moines,Bœuf,,Mon Boucher/Boucherie des Moines/Bœuf;;Mon Boucher/Boucherie des Moines/Tous,,,,France,Blonde d'Aquitaine ou Limousine,Non,,,,,0.800,Non dispo lors du relevé,Aiguillette,,,"re::^CDV17-VR,MPB17-FSE-1005,re::^MPB17-ARO",
,BDM17-VEA-1229,40,Noix de veau,0,0,kg,34.95 €,,,,0.00 €,#DIV/0!,5,0.2,0.00 €,,,,apdc_batignolles,batignolles,apdc_batignolles,Boucherie des Moines,Veau,,Mon Boucher/Boucherie des Moines/Veau;;Mon Boucher/Boucherie des Moines/Tous,Toute l'année,,,,,Non,La noix est le muscle interne de la cuisse : il est très tendre et le grain de sa chair est très fin. La noix de veau offre de belles tranches et des escalopes à poêler. L’escalope est une pièce de veau peu épaisse à cuire à feu modéré pour préserver sa viande fine et savoureuse.,"Elle se prépare de multiples façons, juste grillée ou poêlée et servie avec son jus de cuisson, panée ou accompagnée de sauces à base de crème, de fruits ou de légumes colorés.","La viande de veau se conserve 2 à 3 jours au réfrigérateur, dans sa partie la plus froide. Elle doit être sortie du réfrigérateur 1/2 h avant d'être cuite : une viande trop froide cuit mal.",0.000,0.000,Toute l'année,Noix de veau,La noix est le muscle interne de la cuisse : il est très tendre et le grain de sa chair est très fin. La noix de veau offre de belles tranches et des escalopes à poêler. L’escalope est une pièce de veau peu épaisse à cuire à feu modéré pour préserver sa viande fine et savoureuse.,,"re::^CDV17-VRL,re::^MPB17-ARO",
,BDM17-VEA-1365,41,Tranche de filet de veau,Activé,0,kg,42.95 €,1 tranche de 160g environ,0.160,1,6.87 €,42.95 €/kg,5,0.2,5.21 €,tranchefiletveau.jpg,tranchefiletveau.jpg,tranchefiletveau.jpg,apdc_batignolles,batignolles,apdc_batignolles,Boucherie des Moines,Veau,,Mon Boucher/Boucherie des Moines/Veau;;Mon Boucher/Boucherie des Moines/Tous,Toute l'année,,,France,,Non,"Le filet de veau, situé le long des vertèbres lombaires, est un morceau très tendre. Comme le filet de bœuf, c’est un muscle long aux fibres courtes.","Sa cuisson doit être à son image, tout en douceur et en délicatesse. C’est servi à peine rosé ou tout juste à point qu’il exprime toutes ses qualités gustatives.",,0.000,0.160,Toute l'année,Tranche de filet de veau,"Le filet de veau, situé le long des vertèbres lombaires, est un morceau très tendre. Comme le filet de bœuf, c’est un muscle long aux fibres courtes.",,"re::^CDV17-VRL,re::^MPB17-ARO",
,BDM17-VEA-1188,42,Grenadin de veau filet – tranche,0,0,kg,42.95 €,,,1,0.00 €,#DIV/0!,5,0.2,0.00 €,,,,apdc_batignolles,batignolles,apdc_batignolles,Boucherie des Moines,Veau,,Mon Boucher/Boucherie des Moines/Veau;;Mon Boucher/Boucherie des Moines/Tous,Toute l'année,,,France,,Non,,,,0.000,0.000,Toute l'année,Grenadin de veau filet – tranche,,DAN17-VEA-104,"re::^CDV17-VRL,re::^MPB17-ARO",
,BDM17-VEA-1362,43,Tournedos de veau,0,0,kg,32.95 €,,,1,0.00 €,#DIV/0!,5,0.2,0.00 €,,,,apdc_batignolles,batignolles,apdc_batignolles,Boucherie des Moines,Veau,,Mon Boucher/Boucherie des Moines/Veau;;Mon Boucher/Boucherie des Moines/Tous,,,,France,,Non,,,,0.000,0.000,Non dispo lors du relevé,Tournedos de veau,,DAN17-VEA-112,"re::^CDV17-VRL,re::^MPB17-ARO",
,BDM17-VEA-1061,44,Carré de veau cote première,Activé,0,kg,29.95 €,"1 carré de 1,2 kg environ",1.200,1,35.94 €,29.95 €/kg,5,0.2,27.25 €,carre_veau.jpg,carre_veau.jpg,carre_veau.jpg,apdc_batignolles,batignolles,apdc_batignolles,Boucherie des Moines,Veau,,Mon Boucher/Boucherie des Moines/Veau;;Mon Boucher/Boucherie des Moines/Tous,Toute l'année,,,France,,Non,,,,0.000,1.200,Toute l'année,Carré de veau cote première,,DAN17-VEA-110,"re::^CDV17-VRL,re::^MPB17-ARO",
,BDM17-VEA-1107,44,Côte Première de Veau,Activé,0,kg,29.95 €,1 côte de 240g environ,0.240,1,7.19 €,29.95 €/kg,5,0.2,5.45 €,cotes_veau.jpg,cotes_veau.jpg,cotes_veau.jpg,apdc_batignolles,batignolles,apdc_batignolles,Boucherie des Moines,Veau,,Mon Boucher/Boucherie des Moines/Veau;;Mon Boucher/Boucherie des Moines/Tous,Toute l'année,,,France,,Non,"La côte offre une viande moelleuse et savoureuse. La côte première, dite côtelette, est belle, bien charnue, avec une belle noix de viande tendre; son manche est bien droit, elle est légèrement grasse sur les bords.","Elle se cuisine tout simplement, juste grillée ou poêlée à feu modéré pour préserver sa viande délicate ou accompagnée de sauces douces à base de crème, de moutarde ou de concentré de tomates, ou bien plus ou moins relevées d’épices ou de condiments. Elles doivent être sorties 1/2 heure avant d’être mises à cuire : une viande trop froide cuit mal.","Les côtes de veau se conservent, dans leur emballage, 2 à 3 jours au réfrigérateur, dans sa partie la plus froide.",0.000,0.240,Toute l'année,Côte Première de Veau,"La côte offre une viande moelleuse et savoureuse. La côte première, dite côtelette, est belle, bien charnue, avec une belle noix de viande tendre; son manche est bien droit, elle est légèrement grasse sur les bords.",,"re::^CDV17-VRL,re::^MPB17-ARO",
,BDM17-VEA-1094,45,Côte de Veau Filet,Activé,0,kg,29.95 €,1 côte de 200g environ,0.200,1,5.99 €,29.95 €/kg,5,0.2,4.54 €,cotes_veau.jpg,cotes_veau.jpg,cotes_veau.jpg,apdc_batignolles,batignolles,apdc_batignolles,Boucherie des Moines,Veau,,Mon Boucher/Boucherie des Moines/Veau;;Mon Boucher/Boucherie des Moines/Tous,Toute l'année,,,France,,Non,"La côte offre une viande moelleuse et savoureuse. La côte filet est prise dans la longe dont on n’a retiré, ni le filet, ni les muscles de l’abdomen; elle est très large et convient aux gros appétits. Elle est reconnaissable à l’os en T qu’elle porte en son milieu.","Elle se cuisine tout simplement, juste grillée ou poêlée à feu modéré pour préserver sa viande délicate ou accompagnée de sauces douces à base de crème, de moutarde ou de concentré de tomates, ou bien plus ou moins relevées d’épices ou de condiments. Elles doivent être sorties 1/2 heure avant d’être mises à cuire : une viande trop froide cuit mal.","Les côtes de veau se conservent, dans leur emballage, 2 à 3 jours au réfrigérateur, dans sa partie la plus froide.",0.000,0.200,Toute l'année,Côte de Veau Filet,"La côte offre une viande moelleuse et savoureuse. La côte filet est prise dans la longe dont on n’a retiré, ni le filet, ni les muscles de l’abdomen; elle est très large et convient aux gros appétits. Elle est reconnaissable à l’os en T qu’elle porte en son milieu.",DAN17-VEA-105,"re::^CDV17-VRL,re::^MPB17-ARO",
,BDM17-VEA-1232,46,Onglet/Hampe de veau,Activé,0,kg,22.95 €,1 tranche de 180g environ,0.180,1,4.13 €,22.95 €/kg,5,0.2,3.13 €,onglet_veau.jpg,onglet_veau.jpg,onglet_veau.jpg,apdc_batignolles,batignolles,apdc_batignolles,Boucherie des Moines,Veau,,Mon Boucher/Boucherie des Moines/Veau;;Mon Boucher/Boucherie des Moines/Tous,Toute l'année,,,France,,Non,"La hampe de veau est une viande très goûteuse, reconnaissable à ses fibres longues et apparentes.","Une cuisson à peine rosée permet d’apprécier toutes ses qualités gustatives, notamment sa jutosité et sa consistance en bouche très caractéristiques et particulièrement appréciées des amateurs.",,0.000,0.180,Toute l'année,Onglet/Hampe de veau,"La hampe de veau est une viande très goûteuse, reconnaissable à ses fibres longues et apparentes.",DAN17-BOE-023,"re::^CDV17-VRL,re::^MPB17-ARO",
,BDM17-VEA-1366,47,Noix de veau,0,0,kg,26.95 €,1 tranche,0.220,1,5.93 €,26.95 €/kg,5,0.2,4.50 €,,,,apdc_batignolles,batignolles,apdc_batignolles,Boucherie des Moines,Veau,,Mon Boucher/Boucherie des Moines/Veau;;Mon Boucher/Boucherie des Moines/Tous,Toute l'année,,,France,,Non,,,"La viande de veau se conserve 2 à 3 jours au réfrigérateur, dans sa partie la plus froide. Elle doit être sortie du réfrigérateur 1/2 h avant d'être cuite : une viande trop froide cuit mal.",0.000,0.220,Toute l'année,Noix de veau,,,"re::^CDV17-VRL,re::^MPB17-ARO",
,BDM17-VEA-1146,48,Escalope de veau,Activé,0,kg,34.95 €,1 escalope de 180g environ,0.180,1,6.29 €,34.95 €/kg,5,0.2,4.77 €,escalope_veau.jpg,escalope_veau.jpg,escalope_veau.jpg,apdc_batignolles,batignolles,apdc_batignolles,Boucherie des Moines,Veau,,Mon Boucher/Boucherie des Moines/Veau;;Mon Boucher/Boucherie des Moines/Tous,Toute l'année,,,France,,Non,L’escalope est une pièce de veau peu épaisse à cuire à feu modéré pour préserver sa viande fine et savoureuse.,"Elle se prépare de multiples façons, juste grillée ou poêlée et servie avec son jus de cuisson, panée ou accompagnée de sauces à base de crème, de fruits ou de légumes colorés.","La viande de veau se conserve 2 à 3 jours au réfrigérateur, dans sa partie la plus froide. Elle doit être sortie du réfrigérateur 1/2 h avant d'être cuite : une viande trop froide cuit mal.",0.000,0.180,Toute l'année,Escalope de veau,L’escalope est une pièce de veau peu épaisse à cuire à feu modéré pour préserver sa viande fine et savoureuse.,DAN17-VEA-101,"re::^CDV17-VRL,re::^MPB17-ARO",
,BDM17-VEA-1347,49,Sous noix de veau,0,0,kg,25.95 €,,,,0.00 €,#DIV/0!,5,0.2,0.00 €,,,,apdc_batignolles,batignolles,apdc_batignolles,Boucherie des Moines,Veau,,Mon Boucher/Boucherie des Moines/Veau;;Mon Boucher/Boucherie des Moines/Tous,,,,France,,Non,La noix est le muscle interne de la cuisse : il est très tendre et le grain de sa chair est très fin. La noix de veau offre de belles tranches et des escalopes à poêler. L’escalope est une pièce de veau peu épaisse à cuire à feu modéré pour préserver sa viande fine et savoureuse.,"Elle se prépare de multiples façons, juste grillée ou poêlée et servie avec son jus de cuisson, panée ou accompagnée de sauces à base de crème, de fruits ou de légumes colorés.","La viande de veau se conserve 2 à 3 jours au réfrigérateur, dans sa partie la plus froide. Elle doit être sortie du réfrigérateur 1/2 h avant d'être cuite : une viande trop froide cuit mal.",0.000,0.000,Non dispo lors du relevé,Sous noix de veau,La noix est le muscle interne de la cuisse : il est très tendre et le grain de sa chair est très fin. La noix de veau offre de belles tranches et des escalopes à poêler. L’escalope est une pièce de veau peu épaisse à cuire à feu modéré pour préserver sa viande fine et savoureuse.,,"re::^CDV17-VRL,re::^MPB17-ARO",
,BDM17-VEA-1230,50,Noix pâtissière de veau,0,0,kg,26.95 €,1 tranche,0.220,1,5.93 €,26.95 €/kg,5,0.2,4.50 €,,,,apdc_batignolles,batignolles,apdc_batignolles,Boucherie des Moines,Veau,,Mon Boucher/Boucherie des Moines/Veau;;Mon Boucher/Boucherie des Moines/Tous,Toute l'année,,,France,,Non,"La noix pâtissière, située sur le devant de la cuisse, est un morceau très tendre également mais ses escalopes sont plus petites que celles prises dans la noix. La noix pâtissière fut longtemps réservée aux pâtissiers qui la pilaient et en faisaient des quenelles pour leurs vol-au-vent et timbales.",,"La viande de veau se conserve 2 à 3 jours au réfrigérateur, dans sa partie la plus froide. Elle doit être sortie du réfrigérateur 1/2 h avant d'être cuite : une viande trop froide cuit mal.",0.000,0.220,Toute l'année,Noix pâtissière de veau,"La noix pâtissière, située sur le devant de la cuisse, est un morceau très tendre également mais ses escalopes sont plus petites que celles prises dans la noix. La noix pâtissière fut longtemps réservée aux pâtissiers qui la pilaient et en faisaient des quenelles pour leurs vol-au-vent et timbales.",,"re::^CDV17-VRL,re::^MPB17-ARO",
,BDM17-VEA-1313,51,Roti de quasi de veau,Activé,0,kg,26.95 €,1 rôti de 1kg environ,1.000,1,26.95 €,26.95 €/kg,5,0.2,20.44 €,roti_quasi_veau.jpg,roti_quasi_veau.jpg,roti_quasi_veau.jpg,apdc_batignolles,batignolles,apdc_batignolles,Boucherie des Moines,Veau,,Mon Boucher/Boucherie des Moines/Veau;;Mon Boucher/Boucherie des Moines/Tous,Toute l'année,,,France,,Non,,,,0.000,1.000,Toute l'année,Roti de quasi de veau,,DAN17-VEA-103,"re::^CDV17-VRL,re::^MPB17-ARO",
,BDM17-VEA-1314,52,Rôti de noix patissière de veau,Activé,0,kg,26.95 €,1 rôti de 1kg environ,1.000,1,26.95 €,26.95 €/kg,5,0.2,20.44 €,rotiveau.jpg,rotiveau.jpg,rotiveau.jpg,apdc_batignolles,batignolles,apdc_batignolles,Boucherie des Moines,Veau,,Mon Boucher/Boucherie des Moines/Veau;;Mon Boucher/Boucherie des Moines/Tous,Toute l'année,,,France,,Non,,,,0.220,1.000,Toute l'année,Rôti de noix patissière de veau,,,"re::^CDV17-VRL,re::^MPB17-ARO",
,BDM17-VEA-1143,53,Épaule de veau sans os,0,0,kg,25.95 €,1 épaule,???,1,#VALUE!,#VALUE!,5,0.2,#VALUE!,,,,apdc_batignolles,batignolles,apdc_batignolles,Boucherie des Moines,Veau,,Mon Boucher/Boucherie des Moines/Veau;;Mon Boucher/Boucherie des Moines/Tous,Toute l'année,,,France,,Non,"L’épaule de veau, membre antérieur du veau, est souvent présentée entiére à l’étal du boucher. Elle est vendue désossée ou non, suivant l’usage qu’on veut en faire. Elle se prête à toutes les cuissons : rôtie entière ou désossée, braisée, en blanquette, sautée…",,"Si l’épaule convient très bien aux paupiettes, elle est cependant moins recommandée pour les escalopes. Pour les rôtis on peut acheter l’épaule entiére : cuite avec son os, elle est plus goûteuse. Il faut savoir que le côté palette est plus moelleux et moins sec.",0.220,#VALUE!,Toute l'année,Épaule de veau sans os,"L’épaule de veau, membre antérieur du veau, est souvent présentée entiére à l’étal du boucher. Elle est vendue désossée ou non, suivant l’usage qu’on veut en faire. Elle se prête à toutes les cuissons : rôtie entière ou désossée, braisée, en blanquette, sautée…",DAN17-VEA-108,"re::^CDV17-VRL,re::^MPB17-ARO",
,BDM17-VEA-1044,54,Braisé de veau,0,0,kg,19.95 €,,,,0.00 €,#DIV/0!,5,0.2,0.00 €,,,,apdc_batignolles,batignolles,apdc_batignolles,Boucherie des Moines,Veau,,Mon Boucher/Boucherie des Moines/Veau;;Mon Boucher/Boucherie des Moines/Tous,,,,France,,Non,,"Le rôti : avec ou sans barde ? Pour les inconditionnels du rôti de veau bardé, éviter la barde de porc et lui préférer la graisse de veau, meilleure et mieux adaptée. Quelle que soit la barde choisie, la retirer avant la fin de la cuisson : la viande sera bien dorée, meilleure au goût et plus belle à l’oeil.","Ne jamais acheter un rôti trop petit. La viande est toujours trop sèche après la cuisson. De plus, un reste de rôti de veau froid s’accommode de nombreuses façons.",0.220,0.000,Non dispo lors du relevé,Braisé de veau,,,"re::^CDV17-VRL,re::^MPB17-ARO",
,BDM17-VEA-1233,55,Osso Bucco de veau,Activé,0,kg,22.95 €,1 portion de 500g environ,0.500,1,11.48 €,22.95 €/kg,5,0.2,8.70 €,ossobuccoveau.jpg,ossobuccoveau.jpg,ossobuccoveau.jpg,apdc_batignolles,batignolles,apdc_batignolles,Boucherie des Moines,Veau,,Mon Boucher/Boucherie des Moines/Veau;;Mon Boucher/Boucherie des Moines/Tous,Toute l'année,,,France,,Non,"L’osso buco se compose de tranches épaisses coupées dans les jarrets avant et arrière dont l’os, riche en moelle, parfume les plats en sauce.","Traditionnellement servi avec des pâtes à la mode italienne, il se cuisine et se sert avec tous les légumes de saison.",,0.250,0.500,Toute l'année,Osso Bucco de veau,"L’osso buco se compose de tranches épaisses coupées dans les jarrets avant et arrière dont l’os, riche en moelle, parfume les plats en sauce.",DAN17-VEA-109,"re::^CDV17-VRL,re::^MPB17-ARO",
,BDM17-VEA-1201,56,Jarret de Veau,0,0,kg,22.95 €,1 jarret de 1kg environ,1.000,1,22.95 €,22.95 €/kg,5,0.2,17.40 €,,,,apdc_batignolles,batignolles,apdc_batignolles,Boucherie des Moines,Veau,,Mon Boucher/Boucherie des Moines/Veau;;Mon Boucher/Boucherie des Moines/Tous,Toute l'année,,,France,,Non,"Le jarret est le muscle abdominal qui se situe en pointe des côtes, morceau à mijoter par excellence. Longuement confit avec condiments et épices, sa viande se détache de l’os et son fondant est inégalable.

Le jarret de veau, partie basse des membres de l'animal est un morceau maigre, tendineux, gélatineux, comportant un os riche en moelle. Les jarrets avant sont plus petits que les jarrets arriére et moins charnus.","Plat à mijoter par excellence, le jarret s'associe à tous les légumes nouveaux, carottes, petits oignons, pomme de terre, petits pois, mais aussi aux courgettes et aux blettes, au blanc de poireau, au potiron.","Frais, le jarret se conserve deux à trois jours, dans son emballage, au réfrigérateur à 0 ou 1°. Le sortir 1/2 heure avant de le cuire.",0.250,1.000,Toute l'année,Jarret de Veau,"Le jarret est le muscle abdominal qui se situe en pointe des côtes, morceau à mijoter par excellence. Longuement confit avec condiments et épices, sa viande se détache de l’os et son fondant est inégalable.

Le jarret de veau, partie basse des membres de l'animal est un morceau maigre, tendineux, gé",DAN17-VEA-107,"re::^CDV17-VRL,re::^MPB17-ARO",
,BDM17-VEA-1030,57,Blanquette poitrine de veau,0,0,kg,15.95 €,1 portion,0.250,1,3.99 €,15.95 €/kg,5,0.2,3.02 €,,,,apdc_batignolles,batignolles,apdc_batignolles,Boucherie des Moines,Veau,,Mon Boucher/Boucherie des Moines/Veau;;Mon Boucher/Boucherie des Moines/Tous,Toute l'année,,,France,,Non,"La poitrine de veau est le muscle abdominal qui se situe en pointe des côtes. Elle est composée de trois parties : la poitrine (partie la plus épaisse est la plus riche en viande), tendron (entrelardé et cartilagineux) et flanchet (morceau le plus mince et long)","Ces morceaux, riches en os et en graisse, doivent être cuits tels quels : ils seront beaucoup plus goûteux et moelleux. Le gras sera laissé sur le bord de l'assiette.","Penser à toujours sortir la viande une demie heure avant de la cuisiner. N'utiliser ni boîte hermétique, ni papier d'aluminium mais laisser la viande dans son emballage d'origine. Ces morceaux de veau peuvent se conserver trois jours au réfrigérateur dans sa partie la plus froide, un peu plus s'il posséde un tiroir conçu pour la viande.",0.250,0.250,Toute l'année,Blanquette poitrine de veau,"La poitrine de veau est le muscle abdominal qui se situe en pointe des côtes. Elle est composée de trois parties : la poitrine (partie la plus épaisse est la plus riche en viande), tendron (entrelardé et cartilagineux) et flanchet (morceau le plus mince et long)",,"re::^CDV17-VRL,re::^MPB17-ARO",
,BDM17-VEA-1031,58,Blanquette poitrine de veau avec os,0,0,kg,15.95 €,1 portion,0.250,1,3.99 €,15.95 €/kg,5,0.2,3.02 €,,,,apdc_batignolles,batignolles,apdc_batignolles,Boucherie des Moines,Veau,,Mon Boucher/Boucherie des Moines/Veau;;Mon Boucher/Boucherie des Moines/Tous,Toute l'année,,,France,,Non,"La poitrine de veau est le muscle abdominal qui se situe en pointe des côtes. Elle est composée de trois parties : la poitrine (partie la plus épaisse est la plus riche en viande), tendron (entrelardé et cartilagineux) et flanchet (morceau le plus mince et long)","Ces morceaux, riches en os et en graisse, doivent être cuits tels quels : ils seront beaucoup plus goûteux et moelleux. Le gras sera laissé sur le bord de l'assiette.","Penser à toujours sortir la viande une demie heure avant de la cuisiner. N'utiliser ni boîte hermétique, ni papier d'aluminium mais laisser la viande dans son emballage d'origine. Ces morceaux de veau peuvent se conserver trois jours au réfrigérateur dans sa partie la plus froide, un peu plus s'il posséde un tiroir conçu pour la viande.",0.250,0.250,Toute l'année,Blanquette poitrine de veau avec os,"La poitrine de veau est le muscle abdominal qui se situe en pointe des côtes. Elle est composée de trois parties : la poitrine (partie la plus épaisse est la plus riche en viande), tendron (entrelardé et cartilagineux) et flanchet (morceau le plus mince et long)",,"re::^CDV17-VRL,re::^MPB17-ARO",
,BDM17-VEA-1343,59,Sauté de veau sans os,0,0,kg,22.95 €,,,,0.00 €,#DIV/0!,5,0.2,0.00 €,,,,apdc_batignolles,batignolles,apdc_batignolles,Boucherie des Moines,Veau,,Mon Boucher/Boucherie des Moines/Veau;;Mon Boucher/Boucherie des Moines/Tous,,,,France,,Non,,,,,0.000,Non dispo lors du relevé,Sauté de veau sans os,,DAN17-VEA-119,"re::^CDV17-VRL,re::^MPB17-ARO",
,BDM17-VEA-1277,60,Queue de veau,0,0,kg,12.95 €,,,1,0.00 €,#DIV/0!,5,0.2,0.00 €,,,,apdc_batignolles,batignolles,apdc_batignolles,Boucherie des Moines,Veau,,Mon Boucher/Boucherie des Moines/Veau;;Mon Boucher/Boucherie des Moines/Tous,Toute l'année,,,France,,Non,,,,,0.000,Toute l'année,Queue de veau,,,"re::^CDV17-VRL,re::^MPB17-ARO",
,BDM17-VOL-1123,61,Cuisse Rable Moutarde,0,0,kg,19.95 €,,,1,0.00 €,#DIV/0!,5,0.2,0.00 €,,,,apdc_batignolles,batignolles,apdc_batignolles,Boucherie des Moines,Volaille,Lapin ?,Mon Boucher/Boucherie des Moines/Volaille;;Mon Boucher/Boucherie des Moines/Tous,,,,France,,Non,"La poitrine de veau est le muscle abdominal qui se situe en pointe des côtes. Elle est composée de trois parties : la poitrine (partie la plus épaisse est la plus riche en viande), tendron (entrelardé et cartilagineux) et flanchet (morceau le plus mince et long)","Ces morceaux, riches en os et en graisse, doivent être cuits tels quels : ils seront beaucoup plus goûteux et moelleux. Le gras sera laissé sur le bord de l'assiette.","Penser à toujours sortir la viande une demie heure avant de la cuisiner. N'utiliser ni boîte hermétique, ni papier d'aluminium mais laisser la viande dans son emballage d'origine. Ces morceaux de veau peuvent se conserver trois jours au réfrigérateur dans sa partie la plus froide, un peu plus s'il posséde un tiroir conçu pour la viande.",,0.000,Non dispo lors du relevé,Cuisse Rable Moutarde,"La poitrine de veau est le muscle abdominal qui se situe en pointe des côtes. Elle est composée de trois parties : la poitrine (partie la plus épaisse est la plus riche en viande), tendron (entrelardé et cartilagineux) et flanchet (morceau le plus mince et long)",,"re::^CDV,re::^MPB17-ARO",
,BDM17-POR-1220,62,Mignon Porcelet Tex Mex,0,0,kg,19.95 €,,,1,0.00 €,#DIV/0!,5,0.2,0.00 €,,,,apdc_batignolles,batignolles,apdc_batignolles,Boucherie des Moines,Porc ?,,Mon Boucher/Boucherie des Moines/Porc ?;;Mon Boucher/Boucherie des Moines/Tous,,,,France,,Non,,,,,0.000,Non dispo lors du relevé,Mignon Porcelet Tex Mex,,,"re::^CDV,re::^MPB17-ARO",
,BDM17-VOL-1299,63,Rôti de canard farci,0,0,kg,26.95 €,,,1,0.00 €,#DIV/0!,5,0.2,0.00 €,,,,apdc_batignolles,batignolles,apdc_batignolles,Boucherie des Moines,Volaille,Canard,Mon Boucher/Boucherie des Moines/Volaille;;Mon Boucher/Boucherie des Moines/Tous,,,,France,,Non,,,,0.000,0.000,Non dispo lors du relevé,Rôti de canard farci,,,"re::^CDV,re::^MPB17-ARO",
,BDM17-VEA-1241,65,Paupiette nature de veau,Activé,1,pièce,2.60 €,1 paupiette de 220g environ,0.220,1,2.60 €,2.6 €/pièce,5,0.2,1.97 €,paupiette_veau_nature.jpg,paupiette_veau_nature.jpg,paupiette_veau_nature.jpg,apdc_batignolles,batignolles,apdc_batignolles,Boucherie des Moines,Veau,,Mon Boucher/Boucherie des Moines/Veau;;Mon Boucher/Boucherie des Moines/Tous,Toute l'année,,,France,Fait maison,Non,Une spécialité de la maison!,,,0.000,0.220,Toute l'année,Paupiette nature de veau,Une spécialité de la maison!,DAN17-VEA-114,"re::^CDV,re::^MPB17-ARO",
,BDM17-VEA-1240,66,Paupiette aux fruits x2,0,0,pièce,3.20 €,2 paupiettes de 240g chacune environ,0.240,2,6.40 €,3.2 €/pièce,5,0.2,4.85 €,,,,apdc_batignolles,batignolles,apdc_batignolles,Boucherie des Moines,Veau,,Mon Boucher/Boucherie des Moines/Veau;;Mon Boucher/Boucherie des Moines/Tous,Toute l'année,,,France,,Non,,,,0.240,0.480,Toute l'année,Paupiette aux fruits x2,,,"re::^CDV,re::^MPB17-ARO",
,BDM17-VEA-1317,67,Rôti de veau Morilles,0,0,kg,36.95 €,,,,0.00 €,#DIV/0!,5,0.2,0.00 €,,,,apdc_batignolles,batignolles,apdc_batignolles,Boucherie des Moines,Veau,,Mon Boucher/Boucherie des Moines/Veau;;Mon Boucher/Boucherie des Moines/Tous,,,,France,,Non,,,,0.220,0.000,Non dispo lors du relevé,Rôti de veau Morilles,,,"re::^CDV,re::^MPB17-ARO",
,BDM17-VEA-1318,68,Rôti de veau Orloff,0,0,kg,26.95 €,1 rôti de 1kg environ,1.000,1,26.95 €,26.95 €/kg,5,0.2,20.44 €,,,,apdc_batignolles,batignolles,apdc_batignolles,Boucherie des Moines,Veau,,Mon Boucher/Boucherie des Moines/Veau;;Mon Boucher/Boucherie des Moines/Tous,Toute l'année,,,France,,Non,"Le veau Orloff est un apprêt de veau tranché-fourré. Il a été mis au point au XIXe siècle, par Urbain Dubois, cuisinier français au service du prince Orloff, ambassadeur du Tsar en France. Le rôti est braisé puis tranché, fourré de sauce aux champignons et aux oignons, reconstitué, nappé de sauce Mornay, saupoudré de parmesan et glacé au four.",,,0.220,1.000,Toute l'année,Rôti de veau Orloff,"Le veau Orloff est un apprêt de veau tranché-fourré. Il a été mis au point au XIXe siècle, par Urbain Dubois, cuisinier français au service du prince Orloff, ambassadeur du Tsar en France. Le rôti est braisé puis tranché, fourré de sauce aux champignons et aux oignons, reconstitué, nappé de sauce Mo",DAN17-SAU-408,"re::^CDV,re::^MPB17-ARO",
,BDM17-VEA-1321,69,Rôti de veau Pistaches,0,0,kg,26.95 €,,,,0.00 €,#DIV/0!,5,0.2,0.00 €,,,,apdc_batignolles,batignolles,apdc_batignolles,Boucherie des Moines,Veau,,Mon Boucher/Boucherie des Moines/Veau;;Mon Boucher/Boucherie des Moines/Tous,,,,France,,Non,,,,0.220,0.000,Non dispo lors du relevé,Rôti de veau Pistaches,,,"re::^CDV,re::^MPB17-ARO",
,BDM17-VEA-1320,70,Rôti de veau Pêches Abricots,0,0,kg,26.95 €,,,,0.00 €,#DIV/0!,5,0.2,0.00 €,,,,apdc_batignolles,batignolles,apdc_batignolles,Boucherie des Moines,Veau,,Mon Boucher/Boucherie des Moines/Veau;;Mon Boucher/Boucherie des Moines/Tous,,,,France,,Non,,,,0.220,0.000,Non dispo lors du relevé,Rôti de veau Pêches Abricots,,,"re::^CDV,re::^MPB17-ARO",
,BDM17-VEA-1288,71,Rognonnade de veau,0,0,kg,26.95 €,,,,0.00 €,#DIV/0!,5,0.2,0.00 €,,,,apdc_batignolles,batignolles,apdc_batignolles,Boucherie des Moines,Veau,,Mon Boucher/Boucherie des Moines/Veau;;Mon Boucher/Boucherie des Moines/Tous,,,,France,,Non,,,,0.220,0.000,Non dispo lors du relevé,Rognonnade de veau,,,"re::^CDV,re::^MPB17-ARO",
,BDM17-POR-1312,72,Rôti de porc pruneaux,0,0,kg,15.95 €,1 rôti de 1kg environ,1.000,1,15.95 €,15.95 €/kg,5,0.2,12.09 €,BDM17-rotiporcpruneau.jpg,BDM17-rotiporcpruneau.jpg,BDM17-rotiporcpruneau.jpg,apdc_batignolles,batignolles,apdc_batignolles,Boucherie des Moines,Porc,Porc cru frais,Mon Boucher/Boucherie des Moines/Porc;;Mon Boucher/Boucherie des Moines/Tous,,,,France,,Non,La longe (dos) fournit les rôtis les plus tendres (désossés).,,,0.220,1.000,Non dispo lors du relevé,Rôti de porc pruneaux,La longe (dos) fournit les rôtis les plus tendres (désossés).,DAN17-SAU-407,"re::^CDV,re::^MPB17-ARO",
,BDM17-POR-1310,73,Rôti de porc pêches abricots,0,0,kg,15.95 €,1 rôti de 1kg environ,1.000,1,15.95 €,15.95 €/kg,5,0.2,12.09 €,,,,apdc_batignolles,batignolles,apdc_batignolles,Boucherie des Moines,Porc,Porc cru frais,Mon Boucher/Boucherie des Moines/Porc;;Mon Boucher/Boucherie des Moines/Tous,,,,France,,Non,La longe (dos) fournit les rôtis les plus tendres (désossés).,,,0.220,1.000,Non dispo lors du relevé,Rôti de porc pêches abricots,La longe (dos) fournit les rôtis les plus tendres (désossés).,,"re::^CDV,re::^MPB17-ARO",
,BDM17-POR-1307,74,Rôti de porc moutarde,0,0,kg,15.95 €,1 rôti de 1kg environ,1.000,1,15.95 €,15.95 €/kg,5,0.2,12.09 €,,,,apdc_batignolles,batignolles,apdc_batignolles,Boucherie des Moines,Porc,Porc cru frais,Mon Boucher/Boucherie des Moines/Porc;;Mon Boucher/Boucherie des Moines/Tous,,,,France,,Non,La longe (dos) fournit les rôtis les plus tendres (désossés).,,,0.220,1.000,Non dispo lors du relevé,Rôti de porc moutarde,La longe (dos) fournit les rôtis les plus tendres (désossés).,,"re::^CDV,re::^MPB17-ARO",
,BDM17-POR-1304,75,Rôti de porc Ananas,0,0,kg,15.95 €,1 rôti de 1kg environ,1.000,1,15.95 €,15.95 €/kg,5,0.2,12.09 €,,,,apdc_batignolles,batignolles,apdc_batignolles,Boucherie des Moines,Porc,Porc cru frais,Mon Boucher/Boucherie des Moines/Porc;;Mon Boucher/Boucherie des Moines/Tous,,,,France,,Non,La longe (dos) fournit les rôtis les plus tendres (désossés).,,,0.220,1.000,Non dispo lors du relevé,Rôti de porc Ananas,La longe (dos) fournit les rôtis les plus tendres (désossés).,,"re::^CDV,re::^MPB17-ARO",
,BDM17-POR-1308,76,Rôti de porc Orloff,0,0,kg,16.95 €,1 rôti de 1kg environ,1.000,1,16.95 €,16.95 €/kg,5,0.2,12.85 €,,,,apdc_batignolles,batignolles,apdc_batignolles,Boucherie des Moines,Porc,Porc cru frais,Mon Boucher/Boucherie des Moines/Porc;;Mon Boucher/Boucherie des Moines/Tous,,,,France,,Non,La longe (dos) fournit les rôtis les plus tendres (désossés).,,,0.220,1.000,Non dispo lors du relevé,Rôti de porc Orloff,La longe (dos) fournit les rôtis les plus tendres (désossés).,,"re::^CDV,re::^MPB17-ARO",
,BDM17-AGN-1141,77,Épaule d'agneau figue pruneaux,0,0,kg,26.95 €,1 épaule,1.000,1,26.95 €,26.95 €/kg,5,0.2,20.44 €,,,,apdc_batignolles,batignolles,apdc_batignolles,Boucherie des Moines,Agneau,,Mon Boucher/Boucherie des Moines/Agneau;;Mon Boucher/Boucherie des Moines/Tous,,,,France Sisteron,Sisteron Label Rouge,Non,"L’épaule d’agneau peut se faire griller, pour une saveur incomparable.","Elles sont faciles à préparer, quelques minutes de cuisson leur suffisent et les légumes de saison les accompagnent de leur couleur de leur parfum.",,0.200,1.000,Non dispo lors du relevé,Épaule d'agneau figue pruneaux,"L’épaule d’agneau peut se faire griller, pour une saveur incomparable.",,"re::^CDV,re::^MPB17-ARO",
,BDM17-AGN-1138,78,Épaule d'agneau beurre escargot,0,0,kg,26.95 €,1 épaule,1.000,1,26.95 €,26.95 €/kg,5,0.2,20.44 €,,,,apdc_batignolles,batignolles,apdc_batignolles,Boucherie des Moines,Agneau,,Mon Boucher/Boucherie des Moines/Agneau;;Mon Boucher/Boucherie des Moines/Tous,,,,France Sisteron,Sisteron Label Rouge,Non,"L’épaule d’agneau peut se faire griller, pour une saveur incomparable.","Elles sont faciles à préparer, quelques minutes de cuisson leur suffisent et les légumes de saison les accompagnent de leur couleur de leur parfum.",,0.200,1.000,Non dispo lors du relevé,Épaule d'agneau beurre escargot,"L’épaule d’agneau peut se faire griller, pour une saveur incomparable.",,"re::^CDV,re::^MPB17-ARO",
,BDM17-AGN-1179,79,Gigot au beurre persillé,0,0,kg,26.95 €,"1 gigot de 3,4 kg environ",3.400,1,91.63 €,26.95 €/kg,5,0.2,69.48 €,,,,apdc_batignolles,batignolles,apdc_batignolles,Boucherie des Moines,Agneau,,Mon Boucher/Boucherie des Moines/Agneau;;Mon Boucher/Boucherie des Moines/Tous,,,,France Sisteron,Sisteron Label Rouge,Non,"Le gigot, symbole gourmand des Français, pour un plaisir partagé en grande famille, passe en mode solo : coupé en tranche ou en pavé bien épais et juste grillé ou poêlé, il permet de s’en régaler et d’apprécier sa belle jutosité et sa tendreté sans avoir à attendre le repas qui réunira suffisamment de personnes ! Le gigot entier se compose du gigot raccourci et de la selle, partie haute de la hanche","Une petite sauce pour napper, un accompagnement simple ou original font du gigot à griller une viande du quotidien.",,0.250,3.400,Non dispo lors du relevé,Gigot au beurre persillé,"Le gigot, symbole gourmand des Français, pour un plaisir partagé en grande famille, passe en mode solo : coupé en tranche ou en pavé bien épais et juste grillé ou poêlé, il permet de s’en régaler et d’apprécier sa belle jutosité et sa tendreté sans avoir à attendre le repas qui réunira suffisamment ",,"re::^CDV,re::^MPB17-ARO",
,BDM17-AGN-1100,80,Côte Filet d'Agneau double,Activé,0,kg,26.95 €,1 côte de 200g environ,0.200,1,5.39 €,26.95 €/kg,5,0.2,4.09 €,coteagneaudouble.jpg,coteagneaudouble.jpg,coteagneaudouble.jpg,apdc_batignolles,batignolles,apdc_batignolles,Boucherie des Moines,Agneau,,Mon Boucher/Boucherie des Moines/Agneau;;Mon Boucher/Boucherie des Moines/Tous,Toute l'année,,,France Sisteron,Sisteron Label Rouge,Non,La côte filet ne comporte pas de manche.,"Une côte à griller, tout simplement. Pour apprécier toute sa jutosité et sa tendreté, préférer une cuisson « rosé » ou « à point ».","Les côtes d’agneau ne se conservent pas plus de deux jours au réfrigérateur, dans sa partie la plus froide.",0.100,0.200,Toute l'année,Côte Filet d'Agneau double,La côte filet ne comporte pas de manche.,DAN17-AGN-207,"re::^CDV,re::^MPB17-ARO",
,BDM17-AGN-1104,81,Côte Première d'Agneau,Activé,0,kg,29.95 €,1 côte de 80g environ,0.080,1,2.40 €,29.95 €/kg,5,0.2,1.82 €,cotepremiereagneau.jpg,cotepremiereagneau.jpg,cotepremiereagneau.jpg,apdc_batignolles,batignolles,apdc_batignolles,Boucherie des Moines,Agneau,,Mon Boucher/Boucherie des Moines/Agneau;;Mon Boucher/Boucherie des Moines/Tous,Toute l'année,,,France Sisteron,Sisteron Label Rouge,Non,"La côte offre une viande moelleuse et savoureuse. Les côtes premières, au nombre de quatre également, sont formées d’une belle noix de chair, entourées d’un peu de graisse, et elles possèdent un long manche. Une côte première bien préparée se présente comme une nervure de voûte gothique.","Une côte à griller, tout simplement. Pour apprécier toute sa jutosité et sa tendreté, préférer une cuisson « rosé » ou « à point ».","Les côtes d’agneau ne se conservent pas plus de deux jours au réfrigérateur, dans sa partie la plus froide.",,0.080,Toute l'année,Côte Première d'Agneau,"La côte offre une viande moelleuse et savoureuse. Les côtes premières, au nombre de quatre également, sont formées d’une belle noix de chair, entourées d’un peu de graisse, et elles possèdent un long manche. Une côte première bien préparée se présente comme une nervure de voûte gothique.",DAN17-AGN-205,"re::^CDV,re::^MPB17-ARO",
,BDM17-AGN-1097,82,Côte Découverte d'Agneau,Activé,0,kg,27.95 €,1 côte de 110g environ,0.110,1,3.07 €,27.95 €/kg,5,0.2,2.33 €,cotepremiereagneau.jpg,cotepremiereagneau.jpg,cotepremiereagneau.jpg,apdc_batignolles,batignolles,apdc_batignolles,Boucherie des Moines,Agneau,,Mon Boucher/Boucherie des Moines/Agneau;;Mon Boucher/Boucherie des Moines/Tous,Toute l'année,,,France Sisteron,Sisteron Label Rouge,Non,"Les côtes découvertes, de la 1ère à la 5ème, sont découvertes, lors de la levée de l’épaule au moment de la découpe. Elles se trouvent à la suite du collier. La côte découverte est la côte des amateurs. Sa chair, entrelardée, couvre largement le manche. Appelée aussi côtelette bouchère, elle est l’égale de l’entrecôte de bœuf.","Les côtes découvertes, quand elles ne sont pas grillées, braisées ou sautées, entrent dans la préparation de délicieux ragoûts.","Les côtes d’agneau ne se conservent pas plus de deux jours au réfrigérateur, dans sa partie la plus froide.",,0.110,Toute l'année,Côte Découverte d'Agneau,"Les côtes découvertes, de la 1ère à la 5ème, sont découvertes, lors de la levée de l’épaule au moment de la découpe. Elles se trouvent à la suite du collier. La côte découverte est la côte des amateurs. Sa chair, entrelardée, couvre largement le manche. Appelée aussi côtelette bouchère, elle est l’é",DAN17-AGN-206,"re::^CDV,re::^MPB17-ARO",
,BDM17-AGN-1108,82,Côte Seconde d'Agneau,Activé,0,kg,27.95 €,1 côte de 80g environ,0.080,1,2.24 €,27.95 €/kg,5,0.2,1.70 €,cotes_agneau.jpg,cotes_agneau.jpg,cotes_agneau.jpg,apdc_batignolles,batignolles,apdc_batignolles,Boucherie des Moines,Agneau,,Mon Boucher/Boucherie des Moines/Agneau;;Mon Boucher/Boucherie des Moines/Tous,Toute l'année,,,France Sisteron,Sisteron Label Rouge,Non,"A la suite des côtes découvertes, viennent quatre côtes secondes. La noisette de la côte seconde est aussi belle que celle de la côte première mais une bande un peu plus grasse s’étend le long du manche de la côte seconde.","Une côte à griller, tout simplement. Pour apprécier toute sa jutosité et sa tendreté, préférer une cuisson « rosé » ou « à point ».","Les côtes d’agneau ne se conservent pas plus de deux jours au réfrigérateur, dans sa partie la plus froide.",0.250,0.080,Toute l'année,Côte Seconde d'Agneau,"A la suite des côtes découvertes, viennent quatre côtes secondes. La noisette de la côte seconde est aussi belle que celle de la côte première mais une bande un peu plus grasse s’étend le long du manche de la côte seconde.",,"re::^CDV,re::^MPB17-ARO",
,BDM17-AGN-1081,83,Collier d'Agneau,Activé,0,kg,12.95 €,1 portion de 1100g environ,1.100,1,14.25 €,12.95 €/kg,5,0.2,10.80 €,BDM17-collieragneau.jpg,BDM17-collieragneau.jpg,BDM17-collieragneau.jpg,apdc_batignolles,batignolles,apdc_batignolles,Boucherie des Moines,Agneau,,Mon Boucher/Boucherie des Moines/Agneau;;Mon Boucher/Boucherie des Moines/Tous,Toute l'année,,,France Sisteron,Sisteron Label Rouge,Non,"Le collier d'agneau est un morceau charnu, économique et savoureux. Le collier d'agneau est surtout utilisé comme morceau à pocher, à braiser ou à sauter","Il est idéal pour tous les plats préparés avec des légume secs ou des pommes de terre mais se marie avec bon nombre de légumes, notamment les primeurs. Il peut être utilisé avec d'autres morceaux comme la queue, la poitrine, le haut de côtes, pour donner du goût.","Le collier d'agneau ne se conserve pas plus de deux jours au réfrigérateur, dans sa partie la plus froide.",0.250,1.100,Toute l'année,Collier d'Agneau,"Le collier d'agneau est un morceau charnu, économique et savoureux. Le collier d'agneau est surtout utilisé comme morceau à pocher, à braiser ou à sauter",DAN17-AGN-209,"re::^CDV,re::^MPB17-ARO",
,BDM17-AGN-1259,84,Poitrine d'Agneau,Activé,0,kg,9.95 €,1 portion de 500g environ,0.500,1,4.98 €,9.95 €/kg,5,0.2,3.77 €,BDM17-poitrineagneau.jpg,BDM17-poitrineagneau.jpg,BDM17-poitrineagneau.jpg,apdc_batignolles,batignolles,apdc_batignolles,Boucherie des Moines,Agneau,,Mon Boucher/Boucherie des Moines/Agneau;;Mon Boucher/Boucherie des Moines/Tous,Toute l'année,,,France Sisteron,Sisteron Label Rouge,Non,"La poitrine d'agneau est la partie basse du corps de l'animal. C'est un morceau riche en os et en cartilages, composé des muscles de l'abdomen. Peu coûteux mais très goûteux, pour de délicieux plats à mijoter d'hiver, il est proposé entier et désossé pour être farci, ou en morceaux avec ou sans os pour les braisés, les sautés et les ragoûts.",,,0.250,0.500,Toute l'année,Poitrine d'Agneau,"La poitrine d'agneau est la partie basse du corps de l'animal. C'est un morceau riche en os et en cartilages, composé des muscles de l'abdomen. Peu coûteux mais très goûteux, pour de délicieux plats à mijoter d'hiver, il est proposé entier et désossé pour être farci, ou en morceaux avec ou sans os p",DAN17-AGN-208,"re::^CDV,re::^MPB17-ARO",
,BDM17-AGN-1144,85,Epigramme d'Agneau,0,0,kg,19.95 €,,,1,0.00 €,#DIV/0!,5,0.2,0.00 €,,,,apdc_batignolles,batignolles,apdc_batignolles,Boucherie des Moines,Agneau,,Mon Boucher/Boucherie des Moines/Agneau;;Mon Boucher/Boucherie des Moines/Tous,,,,France Sisteron,Sisteron Label Rouge,Non,"La poitrine d'agneau est la partie basse du corps de l'animal. C'est un morceau riche en os et en cartilages, composé des muscles de l'abdomen. Peu coûteux mais très goûteux, pour de délicieux plats à mijoter d'hiver, il est proposé entier et désossé pour être farci, ou en morceaux avec ou sans os pour les braisés, les sautés et les ragoûts.",,,0.250,0.000,Non dispo lors du relevé,Epigramme d'Agneau,"La poitrine d'agneau est la partie basse du corps de l'animal. C'est un morceau riche en os et en cartilages, composé des muscles de l'abdomen. Peu coûteux mais très goûteux, pour de délicieux plats à mijoter d'hiver, il est proposé entier et désossé pour être farci, ou en morceaux avec ou sans os p",DAN17-AGN-210,"re::^CDV,re::^MPB17-ARO",
,BDM17-AGN-1137,86,Épaule d'agneau avec os,0,0,kg,18.95 €,1 épaule de 2 kg environ,2.000,1,37.90 €,18.95 €/kg,5,0.2,28.74 €,,,,apdc_batignolles,batignolles,apdc_batignolles,Boucherie des Moines,Agneau,,Mon Boucher/Boucherie des Moines/Agneau;;Mon Boucher/Boucherie des Moines/Tous,Toute l'année,,,France Sisteron,Sisteron Label Rouge,Non,"L’épaule d’agneau peut se faire griller, pour une saveur incomparable.","Elles sont faciles à préparer, quelques minutes de cuisson leur suffisent et les légumes de saison les accompagnent de leur couleur de leur parfum.",,0.230,2.000,Toute l'année,Épaule d'agneau avec os,"L’épaule d’agneau peut se faire griller, pour une saveur incomparable.",,"re::^CDV,re::^MPB17-ARO",
,BDM17-AGN-1140,86,Épaule d'agneau façon gigot (semi désossé),Activé,0,kg,18.95 €,"1 épaule de 1,8kg environ",1.800,1,34.11 €,18.95 €/kg,5,0.2,25.87 €,,,,apdc_batignolles,batignolles,apdc_batignolles,Boucherie des Moines,Agneau,,Mon Boucher/Boucherie des Moines/Agneau;;Mon Boucher/Boucherie des Moines/Tous,Toute l'année,,,France Sisteron,Sisteron Label Rouge,Non,"L’épaule d’agneau peut se faire griller, pour une saveur incomparable.","Elles sont faciles à préparer, quelques minutes de cuisson leur suffisent et les légumes de saison les accompagnent de leur couleur de leur parfum.",Pour 4/5 personnes,0.230,1.800,Toute l'année,Épaule d'agneau façon gigot (semi désossé),"L’épaule d’agneau peut se faire griller, pour une saveur incomparable.",,"re::^CDV,re::^MPB17-ARO",
,BDM17-AGN-1180,87,Gigot d'agneau entier,Activé,0,kg,22.00 €,"1 gigot de 3,4 kg environ",3.400,1,74.80 €,22 €/kg,5,0.2,56.72 €,,,,apdc_batignolles,batignolles,apdc_batignolles,Boucherie des Moines,Agneau,,Mon Boucher/Boucherie des Moines/Agneau;;Mon Boucher/Boucherie des Moines/Tous,Toute l'année,,,France Sisteron,Sisteron Label Rouge,Non,"Le gigot, symbole gourmand des Français, pour un plaisir partagé en grande famille, passe en mode solo : coupé en tranche ou en pavé bien épais et juste grillé ou poêlé, il permet de s’en régaler et d’apprécier sa belle jutosité et sa tendreté sans avoir à attendre le repas qui réunira suffisamment de personnes ! Le gigot entier se compose du gigot raccourci et de la selle, partie haute de la hanche","Une petite sauce pour napper, un accompagnement simple ou original font du gigot à griller une viande du quotidien.",,0.250,3.400,Toute l'année,Gigot d'agneau entier,"Le gigot, symbole gourmand des Français, pour un plaisir partagé en grande famille, passe en mode solo : coupé en tranche ou en pavé bien épais et juste grillé ou poêlé, il permet de s’en régaler et d’apprécier sa belle jutosité et sa tendreté sans avoir à attendre le repas qui réunira suffisamment ",,"re::^CDV,re::^MPB17-ARO",
,BDM17-AGN-1181,88,Gigot d'agneau raccourci,Activé,0,kg,24.95 €,"1 gigot de 1,5kg environ",1.500,1,37.43 €,24.95 €/kg,5,0.2,28.38 €,,,,apdc_batignolles,batignolles,apdc_batignolles,Boucherie des Moines,Agneau,,Mon Boucher/Boucherie des Moines/Agneau;;Mon Boucher/Boucherie des Moines/Tous,Toute l'année,,,France Sisteron,Sisteron Label Rouge,Non,"Le gigot, symbole gourmand des Français, pour un plaisir partagé en grande famille, passe en mode solo : coupé en tranche ou en pavé bien épais et juste grillé ou poêlé, il permet de s’en régaler et d’apprécier sa belle jutosité et sa tendreté sans avoir à attendre le repas qui réunira suffisamment de personnes !",,,0.250,1.500,Toute l'année,Gigot d'agneau raccourci,"Le gigot, symbole gourmand des Français, pour un plaisir partagé en grande famille, passe en mode solo : coupé en tranche ou en pavé bien épais et juste grillé ou poêlé, il permet de s’en régaler et d’apprécier sa belle jutosité et sa tendreté sans avoir à attendre le repas qui réunira suffisamment ",,"re::^CDV,re::^MPB17-ARO",
,BDM17-AGN-1346,89,Souris d'agneau,Activé,0,kg,21.95 €,1 souris de 450g environ,0.450,1,9.88 €,21.95 €/kg,5,0.2,7.49 €,sourisagneau.jpg,sourisagneau.jpg,sourisagneau.jpg,apdc_batignolles,batignolles,apdc_batignolles,Boucherie des Moines,Agneau,,Mon Boucher/Boucherie des Moines/Agneau;;Mon Boucher/Boucherie des Moines/Tous,Toute l'année,,,France Sisteron,Sisteron Label Rouge,Non,"La souris d'agneau est un morceau situé sous le gigot, en bas de la cuisse arrière. La forme ovale de ce muscle explique la dénomination de « souris ». La chair en est moelleuse et se cuisine en sauce ou en rôti.",,,,0.450,Toute l'année,Souris d'agneau,"La souris d'agneau est un morceau situé sous le gigot, en bas de la cuisse arrière. La forme ovale de ce muscle explique la dénomination de « souris ». La chair en est moelleuse et se cuisine en sauce ou en rôti.",,"re::^CDV,re::^MPB17-ARO",
,BDM17-AGN-1344,90,Selle sans os agneau,0,0,kg,32.95 €,,,1,0.00 €,#DIV/0!,5,0.2,0.00 €,,,,apdc_batignolles,batignolles,apdc_batignolles,Boucherie des Moines,Agneau,,Mon Boucher/Boucherie des Moines/Agneau;;Mon Boucher/Boucherie des Moines/Tous,,,,France Sisteron,Sisteron Label Rouge,Non,"La poitrine d'agneau est la partie basse du corps de l'animal. C'est un morceau riche en os et en cartilages, composé des muscles de l'abdomen. Peu coûteux mais très goûteux, pour de délicieux plats à mijoter d'hiver, il est proposé entier et désossé pour être farci, ou en morceaux avec ou sans os pour les braisés, les sautés et les ragoûts.",,,0.250,0.000,Non dispo lors du relevé,Selle sans os agneau,"La poitrine d'agneau est la partie basse du corps de l'animal. C'est un morceau riche en os et en cartilages, composé des muscles de l'abdomen. Peu coûteux mais très goûteux, pour de délicieux plats à mijoter d'hiver, il est proposé entier et désossé pour être farci, ou en morceaux avec ou sans os p",,"re::^CDV,re::^MPB17-ARO",
,BDM17-AGN-1366,91,Tranche de gigot d'agneau sans os,Activé,0,kg,32.95 €,1 tranche de 160g  environ,0.160,1,5.27 €,32.95 €/kg,5,0.2,4.00 €,gigot_agneau.jpg,gigot_agneau.jpg,gigot_agneau.jpg,apdc_batignolles,batignolles,apdc_batignolles,Boucherie des Moines,Agneau,,Mon Boucher/Boucherie des Moines/Agneau;;Mon Boucher/Boucherie des Moines/Tous,Toute l'année,,,France Sisteron,Sisteron Label Rouge,Non,"Le gigot, symbole gourmand des Français, pour un plaisir partagé en grande famille, passe en mode solo : coupé en tranche ou en pavé bien épais et juste grillé ou poêlé, il permet de s’en régaler et d’apprécier sa belle jutosité et sa tendreté sans avoir à attendre le repas qui réunira suffisamment de personnes !",,,0.160,0.160,Toute l'année,Tranche de gigot d'agneau sans os,"Le gigot, symbole gourmand des Français, pour un plaisir partagé en grande famille, passe en mode solo : coupé en tranche ou en pavé bien épais et juste grillé ou poêlé, il permet de s’en régaler et d’apprécier sa belle jutosité et sa tendreté sans avoir à attendre le repas qui réunira suffisamment ",,"re::^CDV,re::^MPB17-ARO",
,BDM17-AGN-1139,92,Epaule d'agneau désossé,0,0,kg,24.95 €,1 épaule,1.000,1,24.95 €,24.95 €/kg,5,0.2,18.92 €,,,,apdc_batignolles,batignolles,apdc_batignolles,Boucherie des Moines,Agneau,,Mon Boucher/Boucherie des Moines/Agneau;;Mon Boucher/Boucherie des Moines/Tous,,,,France Sisteron,Sisteron Label Rouge,Non,"L’épaule d’agneau peut se faire griller, pour une saveur incomparable.","Elles sont faciles à préparer, quelques minutes de cuisson leur suffisent et les légumes de saison les accompagnent de leur couleur de leur parfum.",,0.200,1.000,Fréquent,Epaule d'agneau désossé,"L’épaule d’agneau peut se faire griller, pour une saveur incomparable.",,"re::^CDV,re::^MPB17-ARO",
,BDM17-AGN-1133,93,Ensemble pour navarin ou tajine (collier et poitrine d'agneau détaillé),Activé,0,kg,20.00 €,1 ensemble de 800g environ,0.800,1,16.00 €,20 €/kg,5,0.2,12.13 €,navarin.jpg,navarin.jpg,navarin.jpg,apdc_batignolles,batignolles,apdc_batignolles,Boucherie des Moines,Agneau,,Mon Boucher/Boucherie des Moines/Agneau;;Mon Boucher/Boucherie des Moines/Tous,,,,France Sisteron,Sisteron Label Rouge,Non,,,,0.000,0.800,,Ensemble pour navarin ou tajine (collier et poitrine d'agneau détaillé),,,"re::^CDV,re::^MPB17-ARO",
,BDM17-AGN-1289,94,Rognons d'agneau,Activé,0,pièce,0.80 €,5 pièces,,5,4.00 €,0.8 €/pièce,5,0.2,3.03 €,BDM17-rogonagneau.jpg,BDM17-rogonagneau.jpg,BDM17-rogonagneau.jpg,apdc_batignolles,batignolles,apdc_batignolles,Boucherie des Moines,Agneau,,Mon Boucher/Boucherie des Moines/Agneau;;Mon Boucher/Boucherie des Moines/Tous,Toute l'année,,,France Sisteron,Sisteron Label Rouge,Non,"La côte offre une viande moelleuse et savoureuse. Les côtes premières, au nombre de quatre également, sont formées d’une belle noix de chair, entourées d’un peu de graisse, et elles possèdent un long manche. Une côte première bien préparée se présente comme une nervure de voûte gothique.","Une côte à griller, tout simplement. Pour apprécier toute sa jutosité et sa tendreté, préférer une cuisson « rosé » ou « à point ».","Les côtes d’agneau ne se conservent pas plus de deux jours au réfrigérateur, dans sa partie la plus froide.",,0.000,Toute l'année,Rognons d'agneau,"La côte offre une viande moelleuse et savoureuse. Les côtes premières, au nombre de quatre également, sont formées d’une belle noix de chair, entourées d’un peu de graisse, et elles possèdent un long manche. Une côte première bien préparée se présente comme une nervure de voûte gothique.",,"re::^CDV,re::^MPB17-ARO",
,BDM17-CHA-1219,95,Merguez x2,Activé,0,kg,12.95 €,2 saucisses de 80g chacune environ,0.080,2,2.07 €,12.95 €/kg,5,0.2,1.57 €,merguez.jpg,merguez.jpg,merguez.jpg,apdc_batignolles,batignolles,apdc_batignolles,Boucherie des Moines,Charcuterie,Charcuterie crue transformée sur place,Mon Boucher/Boucherie des Moines/Charcuterie;;Mon Boucher/Boucherie des Moines/Tous,Toute l'année,,,France,Maison,Non,Boeuf et Agneau,,,0.000,0.160,Toute l'année,Merguez x2,Boeuf et Agneau,DAN17-SAU-402,"re::^CDV,re::^MPB17-ARO",
,BDM17-POR-1073,96,Chorizo à cuire,Activé,0,kg,12.90 €,1 chorizo à cuire de 180g environ,0.180,1,2.32 €,12.9 €/kg,5,0.2,1.76 €,chorizoacuire.jpg,chorizoacuire.jpg,chorizoacuire.jpg,apdc_batignolles,batignolles,apdc_batignolles,Boucherie des Moines,Porc,Charcuterie crue transformée sur place,Mon Boucher/Boucherie des Moines/Porc;;Mon Boucher/Boucherie des Moines/Tous,Toute l'année,,,France,Maison,Non,Boeuf,,,0.000,0.180,Toute l'année,Chorizo à cuire,Boeuf,,"re::^CDV,re::^MPB17-ARO",
,BDM17-AGN-1091,97,Côte d'agneau Promo,0,0,kg,22.95 €,,,,0.00 €,#DIV/0!,5,0.2,0.00 €,,,,apdc_batignolles,batignolles,apdc_batignolles,Boucherie des Moines,Agneau,,Mon Boucher/Boucherie des Moines/Agneau;;Mon Boucher/Boucherie des Moines/Tous,,,,France Sisteron,Sisteron Label Rouge,Non,"A la suite des côtes découvertes, viennent quatre côtes secondes. La noisette de la côte seconde est aussi belle que celle de la côte première mais une bande un peu plus grasse s’étend le long du manche de la côte seconde.","Une côte à griller, tout simplement. Pour apprécier toute sa jutosité et sa tendreté, préférer une cuisson « rosé » ou « à point ».","Les côtes d’agneau ne se conservent pas plus de deux jours au réfrigérateur, dans sa partie la plus froide.",,0.000,Non dispo lors du relevé,Côte d'agneau Promo,"A la suite des côtes découvertes, viennent quatre côtes secondes. La noisette de la côte seconde est aussi belle que celle de la côte première mais une bande un peu plus grasse s’étend le long du manche de la côte seconde.",,"re::^CDV,re::^MPB17-ARO",
,BDM17-AGN-1059,98,Carré d'agneau,Activé,0,kg,29.95 €,1 portion de 400g,0.400,1,11.98 €,29.95 €/kg,5,0.2,9.08 €,BDM17-carreagneau.jpg,BDM17-carreagneau.jpg,BDM17-carreagneau.jpg,apdc_batignolles,batignolles,apdc_batignolles,Boucherie des Moines,Agneau,,Mon Boucher/Boucherie des Moines/Agneau;;Mon Boucher/Boucherie des Moines/Tous,,,,France Sisteron,Sisteron Label Rouge,Non,,,"Les côtes d’agneau ne se conservent pas plus de deux jours au réfrigérateur, dans sa partie la plus froide.",0.250,0.400,Non dispo lors du relevé,Carré d'agneau,,,"re::^CDV,re::^MPB17-ARO",
,BDM17-POR-1236,99,Palette avec os,0,0,kg,9.95 €,1 portion,0.260,1,2.59 €,9.95 €/kg,5,0.2,1.96 €,,,,apdc_batignolles,batignolles,apdc_batignolles,Boucherie des Moines,Porc,Porc cru frais,Mon Boucher/Boucherie des Moines/Porc;;Mon Boucher/Boucherie des Moines/Tous,Toute l'année,,,France,,Non,,,,0.000,0.260,Toute l'année,Palette avec os,,DAN17-POR-304,"re::^CDV,re::^MPB17-ARO",
,BDM17-POR-1370,100,Travers frais,Activé,0,kg,14.90 €,1 portion de 500g environ,0.500,1,7.45 €,14.9 €/kg,5,0.2,5.65 €,traversporc.jpg,traversporc.jpg,traversporc.jpg,apdc_batignolles,batignolles,apdc_batignolles,Boucherie des Moines,Porc,Porc cru frais,Mon Boucher/Boucherie des Moines/Porc;;Mon Boucher/Boucherie des Moines/Tous,Toute l'année,,,France,,Non,"Le travers de porc est aussi appelé les « côtes levées ». La plus grande partie de la viande se trouve entre les os. C'est un morceau traditionnel de la choucroute. Il est aussi la vedette des barbecues : mariné puis grillé, il se déguste avec les doigts.",,,0.000,0.500,Toute l'année,Travers frais,"Le travers de porc est aussi appelé les « côtes levées ». La plus grande partie de la viande se trouve entre les os. C'est un morceau traditionnel de la choucroute. Il est aussi la vedette des barbecues : mariné puis grillé, il se déguste avec les doigts.",DAN17-POR-307,"re::^CDV,re::^MPB17-ARO",
,BDM17-POR-1099,101,Côte Echine,Activé,0,kg,10.95 €,1 côte d'environ 200g,0.200,1,2.19 €,10.95 €/kg,5,0.2,1.66 €,BDM17-coteechine.jpg,BDM17-coteechine.jpg,BDM17-coteechine.jpg,apdc_batignolles,batignolles,apdc_batignolles,Boucherie des Moines,Porc,Porc cru frais,Mon Boucher/Boucherie des Moines/Porc;;Mon Boucher/Boucherie des Moines/Tous,Toute l'année,,,France,,Non,"L'échine est le morceau de la partie supérieure du cou. Sa viande est entrelardée, tendre et goûteuse. On peut en faire un rôti ou y couper des côtes savoureuses.",,,0.200,0.200,Toute l'année,Côte Echine,"L'échine est le morceau de la partie supérieure du cou. Sa viande est entrelardée, tendre et goûteuse. On peut en faire un rôti ou y couper des côtes savoureuses.","BDM17-POR-1098,DAN17-POR-302","re::^CDV,re::^MPB17-ARO",
,BDM17-POR-1093,102,Côte de Porc,Activé,0,kg,10.90 €,1 côte de 200g environ,0.200,1,2.18 €,10.9 €/kg,5,0.2,1.65 €,cote_porc.jpg,cote_porc.jpg,cote_porc.jpg,apdc_batignolles,batignolles,apdc_batignolles,Boucherie des Moines,Porc,Porc cru frais,Mon Boucher/Boucherie des Moines/Porc;;Mon Boucher/Boucherie des Moines/Tous,Toute l'année,,,France,,Non,"Côtes de porc issu de l'échine, des côtes premières, secondes ou filet",,,0.200,0.200,Toute l'année,Côte de Porc,"Côtes de porc issu de l'échine, des côtes premières, secondes ou filet",,"re::^CDV,re::^MPB17-ARO",
,BDM17-POR-1106,102,Côte Première de porc,Activé,0,kg,10.90 €,1 côte d'environ 200g,0.200,1,2.18 €,10.9 €/kg,5,0.2,1.65 €,BDM17-cotespremieres.jpg,BDM17-cotespremieres.jpg,BDM17-cotespremieres.jpg,apdc_batignolles,batignolles,apdc_batignolles,Boucherie des Moines,Porc,Porc cru frais,Mon Boucher/Boucherie des Moines/Porc;;Mon Boucher/Boucherie des Moines/Tous,Toute l'année,,,France,,Non,"La côte première, comme la côte seconde, offre une belle noix de viande et un os à manche.",,,0.200,0.200,Toute l'année,Côte Première de porc,"La côte première, comme la côte seconde, offre une belle noix de viande et un os à manche.",DAN17-POR-303,"re::^CDV,re::^MPB17-ARO",
,BDM17-POR-1110,102,Côte Seconde de porc,0,0,kg,10.90 €,1 côte de 200g,0.200,1,2.18 €,10.9 €/kg,5,0.2,1.65 €,,,,apdc_batignolles,batignolles,apdc_batignolles,Boucherie des Moines,Porc,Porc cru frais,Mon Boucher/Boucherie des Moines/Porc;;Mon Boucher/Boucherie des Moines/Tous,Toute l'année,,,France,,Non,Les côtes secondes sont celles fournies par l'échine. Leur chair est plus moelleuse car largement entrelardée.,,,0.200,0.200,Toute l'année,Côte Seconde de porc,Les côtes secondes sont celles fournies par l'échine. Leur chair est plus moelleuse car largement entrelardée.,,"re::^CDV,re::^MPB17-ARO",
,BDM17-POR-1102,103,Côte Filet de porc,Activé,0,kg,10.90 €,1 côte d'environ 200g,0.200,1,2.18 €,10.9 €/kg,5,0.2,1.65 €,cotesfiletporc.jpg,cotesfiletporc.jpg,cotesfiletporc.jpg,apdc_batignolles,batignolles,apdc_batignolles,Boucherie des Moines,Porc,Porc cru frais,Mon Boucher/Boucherie des Moines/Porc;;Mon Boucher/Boucherie des Moines/Tous,Toute l'année,,,France,,Non,"La côte filet est une côte bien large, sans manche, avec juste un petit os central en forme de T.",,,0.200,0.200,Toute l'année,Côte Filet de porc,"La côte filet est une côte bien large, sans manche, avec juste un petit os central en forme de T.",,"re::^CDV,re::^MPB17-ARO",
,BDM17-POR-1256,104,Pointe de porc avec os,0,0,kg,10.90 €,,,,0.00 €,#DIV/0!,5,0.2,0.00 €,,,,apdc_batignolles,batignolles,apdc_batignolles,Boucherie des Moines,Porc,,Mon Boucher/Boucherie des Moines/Porc;;Mon Boucher/Boucherie des Moines/Tous,,,,France,,Non,La longe (dos) fournit les rôtis les plus tendres (désossés).,,,,0.000,Non dispo lors du relevé,Pointe de porc avec os,La longe (dos) fournit les rôtis les plus tendres (désossés).,,"re::^CDV,re::^MPB17-ARO",
,BDM17-POR-1258,105,Poitrine avec os,Activé,0,kg,8.90 €,1 portion de 100g environ,0.100,1,0.89 €,8.9 €/kg,5,0.2,0.67 €,poitrine_porc.jpg,poitrine_porc.jpg,poitrine_porc.jpg,apdc_batignolles,batignolles,apdc_batignolles,Boucherie des Moines,Porc,Porc cru frais,Mon Boucher/Boucherie des Moines/Porc;;Mon Boucher/Boucherie des Moines/Tous,Toute l'année,,,France,,Non,"La poitrine, aussi appelée lard maigre, peut être grillée, poêlée ou braisée.",,,0.000,0.100,Toute l'année,Poitrine avec os,"La poitrine, aussi appelée lard maigre, peut être grillée, poêlée ou braisée.",DAN17-POR-305,"re::^CDV,re::^MPB17-ARO",
,BDM17-POR-1295,106,Rôti d'échine de porc,Activé,0,kg,12.90 €,1 rôti de 1kg environ,1.000,1,12.90 €,12.9 €/kg,5,0.2,9.78 €,BDM17-rotiechineporc.jpg,BDM17-rotiechineporc.jpg,BDM17-rotiechineporc.jpg,apdc_batignolles,batignolles,apdc_batignolles,Boucherie des Moines,Porc,Porc cru frais,Mon Boucher/Boucherie des Moines/Porc;;Mon Boucher/Boucherie des Moines/Tous,,,,France,,Non,"Les rôtis de palette proviennent du haut de l’épaule, ils sont meilleurs non désossés.",,,0.220,1.000,Non dispo lors du relevé,Rôti d'échine de porc,"Les rôtis de palette proviennent du haut de l’épaule, ils sont meilleurs non désossés.",,"re::^CDV,re::^MPB17-ARO",
,BDM17-POR-1306,108,Rôti de porc filet longe,Activé,0,kg,12.90 €,1 rôti de 1kg environ,1.000,1,12.90 €,12.9 €/kg,5,0.2,9.78 €,BDM17-rotilongeporc.jpg,BDM17-rotilongeporc.jpg,BDM17-rotilongeporc.jpg,apdc_batignolles,batignolles,apdc_batignolles,Boucherie des Moines,Porc,Porc cru frais,Mon Boucher/Boucherie des Moines/Porc;;Mon Boucher/Boucherie des Moines/Tous,Toute l'année,,,France,,Non,La longe (dos) fournit les rôtis les plus tendres (désossés).,,,0.220,1.000,Toute l'année,Rôti de porc filet longe,La longe (dos) fournit les rôtis les plus tendres (désossés).,,"re::^CDV,re::^MPB17-ARO",
,BDM17-POR-1195,109,Jambon rouelle avec os et couenne,Activé,0,kg,9.95 €,1 portion de 260g environ,0.260,1,2.59 €,9.95 €/kg,5,0.2,1.96 €,jambonrouelle.jpg,jambonrouelle.jpg,jambonrouelle.jpg,apdc_batignolles,batignolles,apdc_batignolles,Boucherie des Moines,Porc,Porc cru frais,Mon Boucher/Boucherie des Moines/Porc;;Mon Boucher/Boucherie des Moines/Tous,Toute l'année,,,France,,Non,La rouelle de porc est une généreuse tranche de forme ronde taillée dans le jambon ou l'épaule du porc.,,,0.000,0.260,Toute l'année,Jambon rouelle avec os et couenne,La rouelle de porc est une généreuse tranche de forme ronde taillée dans le jambon ou l'épaule du porc.,,"re::^CDV,re::^MPB17-ARO",
,BDM17-POR-1060,110,Carré de porc en côte seconde,Activé,0,kg,9.90 €,"1 carré de porc de 1,2kg environ",1.200,1,11.88 €,9.9 €/kg,5,0.2,9.01 €,carre_porc.jpg,carre_porc.jpg,carre_porc.jpg,apdc_batignolles,batignolles,apdc_batignolles,Boucherie des Moines,Porc,,Mon Boucher/Boucherie des Moines/Porc;;Mon Boucher/Boucherie des Moines/Tous,,,,France,,Non,,,,0.000,1.200,,Carré de porc en côte seconde,,,"re::^CDV,re::^MPB17-ARO",
,BDM17-POR-1151,111,Filet Mignon,Activé,1,kg,19.95 €,1 filet mignon de 500g environ,0.500,1,9.98 €,19.95 €/kg,5,0.2,7.56 €,filet_mignon_porc.jpg,filet_mignon_porc.jpg,filet_mignon_porc.jpg,apdc_batignolles,batignolles,apdc_batignolles,Boucherie des Moines,Porc,Porc cru frais,Mon Boucher/Boucherie des Moines/Porc;;Mon Boucher/Boucherie des Moines/Tous,Toute l'année,,,France,,Non,"Situé sous la longe (dos), c'est un muscle long et étroit. Avec son grain fin, il est très tendre.",,,0.000,0.500,Toute l'année,Filet Mignon,"Situé sous la longe (dos), c'est un muscle long et étroit. Avec son grain fin, il est très tendre.","DAN17-POR-300,BDM17-POR-1152","re::^CDV,re::^MPB17-ARO",
,BDM17-POR-1131,112,Emincé de porc (grillade),Activé,0,kg,16.90 €,1 ensemble de 500g environ,0.500,1,8.45 €,16.9 €/kg,5,0.2,6.41 €,eminceporc.jpg,eminceporc.jpg,eminceporc.jpg,apdc_batignolles,batignolles,apdc_batignolles,Boucherie des Moines,Porc,,Mon Boucher/Boucherie des Moines/Porc;;Mon Boucher/Boucherie des Moines/Tous,,,,France,,Non,,,,0.150,0.500,,Emincé de porc (grillade),,,"re::^CDV,re::^MPB17-ARO",
,BDM17-POR-1189,112,Grillade de porc,Activé,0,kg,16.95 €,1 tranche de grillade de 180g environ,0.180,1,3.05 €,16.95 €/kg,5,0.2,2.31 €,BDM17-grilladeporc.jpg,BDM17-grilladeporc.jpg,BDM17-grilladeporc.jpg,apdc_batignolles,batignolles,apdc_batignolles,Boucherie des Moines,Porc,Porc cru frais,Mon Boucher/Boucherie des Moines/Porc;;Mon Boucher/Boucherie des Moines/Tous,Toute l'année,,,France,,Non,"La grillade, prise dans le jambon, doit être cisaillée sur chaque face avant d'être grillée ou poêlée.",,,0.000,0.180,Toute l'année,Grillade de porc,"La grillade, prise dans le jambon, doit être cisaillée sur chaque face avant d'être grillée ou poêlée.",,"re::^CDV,re::^MPB17-ARO",
,BDM17-POR-1371,113,Barde de Porc,0,0,kg,7.80 €,,,,0.00 €,#DIV/0!,5,0.2,0.00 €,,,,apdc_batignolles,batignolles,apdc_batignolles,Boucherie des Moines,Porc,,Mon Boucher/Boucherie des Moines/Porc;;Mon Boucher/Boucherie des Moines/Tous,Toute l'année,,,France,,Non,,,,,0.000,,Barde de Porc,,,"re::^CDV,re::^MPB17-ARO",
,BDM17-POR-1228,114,Noix de joue de porc,0,0,kg,15.95 €,,1.000,1,15.95 €,15.95 €/kg,5,0.2,12.09 €,,,,apdc_batignolles,batignolles,apdc_batignolles,Boucherie des Moines,Porc,,Mon Boucher/Boucherie des Moines/Porc;;Mon Boucher/Boucherie des Moines/Tous,,,,France,,Non,La longe (dos) fournit les rôtis les plus tendres (désossés).,,,0.220,1.000,Non dispo lors du relevé,Noix de joue de porc,La longe (dos) fournit les rôtis les plus tendres (désossés).,,"re::^CDV,re::^MPB17-ARO",
,BDM17-VOL-1300,115,Rôti de dinde aux fruits,0,0,kg,12.90 €,1 rôti de 1kg environ,1.000,1,12.90 €,12.9 €/kg,5,0.2,9.78 €,,,,apdc_batignolles,batignolles,apdc_batignolles,Boucherie des Moines,Volaille,Dinde,Mon Boucher/Boucherie des Moines/Volaille;;Mon Boucher/Boucherie des Moines/Tous,,,,France,,Non,,,,0.000,1.000,Non dispo lors du relevé,Rôti de dinde aux fruits,,,"re::^CDV,re::^MPB17-ARO",
,BDM17-POR-1368,116,Travers de porc demi-sel,Activé,0,kg,13.95 €,1 portion de 500g environ,0.500,1,6.98 €,13.95 €/kg,5,0.2,5.29 €,BDM17-traversporcdemisel.jpg,BDM17-traversporcdemisel.jpg,BDM17-traversporcdemisel.jpg,apdc_batignolles,batignolles,apdc_batignolles,Boucherie des Moines,Porc,Porc 1/2 sel cru,Mon Boucher/Boucherie des Moines/Porc;;Mon Boucher/Boucherie des Moines/Tous,Toute l'année,,,France,,Non,"Travers de porc en salaison.Le travers de porc est aussi appelé les « côtes levées ». La plus grande partie de la viande se trouve entre les os. C'est un morceau traditionnel de la choucroute. Il est aussi la vedette des barbecues : mariné puis grillé, il se déguste avec les doigts.",Conservation : Dans son papier d’emballage : 2 à 3 jours au réfrigérateur - 6 mois au congélateur﻿,"
",0.000,0.500,Toute l'année,Travers de porc demi-sel,"Travers de porc en salaison.Le travers de porc est aussi appelé les « côtes levées ». La plus grande partie de la viande se trouve entre les os. C'est un morceau traditionnel de la choucroute. Il est aussi la vedette des barbecues : mariné puis grillé, il se déguste avec les doigts.",DAN17-POR-307,"re::^CDV,re::^MPB17-ARO",
,BDM17-POR-1235,117,Palette de porc demi sel avec os,Activé,0,kg,10.95 €,"1 pièce de 1,2kg",1.200,1,13.14 €,10.95 €/kg,5,0.2,9.96 €,BDM17-paletteporcdemisel.jpg,BDM17-paletteporcdemisel.jpg,BDM17-paletteporcdemisel.jpg,apdc_batignolles,batignolles,apdc_batignolles,Boucherie des Moines,Porc,Porc 1/2 sel cru,Mon Boucher/Boucherie des Moines/Porc;;Mon Boucher/Boucherie des Moines/Tous,Toute l'année,,,France,,Non,Palette salée avec os.,,,0.000,1.200,Toute l'année,Palette de porc demi sel avec os,Palette salée avec os.,DAN17-POR-309,"re::^CDV,re::^MPB17-ARO",
,BDM17-POR-1257,118,Poitrine de porc demi-sel,Activé,0,kg,9.95 €,1 portion de 500g,0.500,1,4.98 €,9.95 €/kg,5,0.2,3.77 €,BDM17-poitrineporcdemisel.jpg,BDM17-poitrineporcdemisel.jpg,BDM17-poitrineporcdemisel.jpg,apdc_batignolles,batignolles,apdc_batignolles,Boucherie des Moines,Porc,Porc 1/2 sel cru,Mon Boucher/Boucherie des Moines/Porc;;Mon Boucher/Boucherie des Moines/Tous,Toute l'année,,,France,,Non,"Poitrine en salaison, aussi appelée « bacon » dans les pays anglo-saxons.",,,0.000,0.500,Toute l'année,Poitrine de porc demi-sel,"Poitrine en salaison, aussi appelée « bacon » dans les pays anglo-saxons.",DAN17-POR-311,"re::^CDV,re::^MPB17-ARO",
,BDM17-POR-1199,119,Jambonneau demi-sel,0,0,kg,6.95 €,1 portion,0.300,1,2.09 €,6.95 €/kg,5,0.2,1.58 €,,,,apdc_batignolles,batignolles,apdc_batignolles,Boucherie des Moines,Porc,Porc 1/2 sel cru,Mon Boucher/Boucherie des Moines/Porc;;Mon Boucher/Boucherie des Moines/Tous,,,,France,,Non,Partie supérieure des pattes avant ou arrières en salaison.,,,0.000,0.300,Non dispo lors du relevé,Jambonneau demi-sel,Partie supérieure des pattes avant ou arrières en salaison.,,"re::^CDV,re::^MPB17-ARO",
,BDM17-POR-1204,120,Kakos 1/2 sel,0,0,kg,9.95 €,1 portion,0.450,1,4.48 €,9.95 €/kg,5,0.2,3.40 €,,,,apdc_batignolles,batignolles,apdc_batignolles,Boucherie des Moines,Porc,Porc 1/2 sel cru,Mon Boucher/Boucherie des Moines/Porc;;Mon Boucher/Boucherie des Moines/Tous,Toute l'année,,,France,,Non,"C'est un jarret de porc, coupé en deux, en salaison.",,,0.000,0.450,Toute l'année,Kakos 1/2 sel,"C'est un jarret de porc, coupé en deux, en salaison.",,"re::^CDV,re::^MPB17-ARO",
,BDM17-POR-1128,121,Echine de porc demi-sel,0,0,kg,10.95 €,1 portion,0.450,1,4.93 €,10.95 €/kg,5,0.2,3.74 €,,,,apdc_batignolles,batignolles,apdc_batignolles,Boucherie des Moines,Porc,Porc 1/2 sel cru,Mon Boucher/Boucherie des Moines/Porc;;Mon Boucher/Boucherie des Moines/Tous,,,,France,,Non,"C'est un jarret de porc, coupé en deux, en salaison.",,,0.000,0.450,Non dispo lors du relevé,Echine de porc demi-sel,"C'est un jarret de porc, coupé en deux, en salaison.",DAN17-POR-308,"re::^CDV,re::^MPB17-ARO",
,BDM17-CHA-1067,122,Chair à saucisse (porc),Activé,0,kg,9.50 €,1 portion de 200g environ,0.200,1,1.90 €,9.5 €/kg,5,0.2,1.44 €,chair_farce.jpg,chair_farce.jpg,chair_farce.jpg,apdc_batignolles,batignolles,apdc_batignolles,Boucherie des Moines,Charcuterie,Charcuterie crue transformée sur place,Mon Boucher/Boucherie des Moines/Charcuterie;;Mon Boucher/Boucherie des Moines/Tous,Toute l'année,Le porc français,,France,,Non,pur porc,,,0.100,0.200,Toute l'année,Chair à saucisse (porc),pur porc,DAN17-SAU-404,"re::^CDV,re::^MPB17-ARO",
,BDM17-CHA-1066,123,Chair à farce (porc / veau),Activé,0,kg,9.95 €,1 portion de 200g environ,0.200,1,1.99 €,9.95 €/kg,5,0.2,1.51 €,chair_farce.jpg,chair_farce.jpg,chair_farce.jpg,apdc_batignolles,batignolles,apdc_batignolles,Boucherie des Moines,Charcuterie,Charcuterie crue transformée sur place,Mon Boucher/Boucherie des Moines/Charcuterie;;Mon Boucher/Boucherie des Moines/Tous,Toute l'année,Le porc français / veau français,,France,,Non,Porc et veau,,,0.000,0.200,Toute l'année,Chair à farce (porc / veau),Porc et veau,DAN17-SAU-403,"re::^CDV,re::^MPB17-ARO",
,BDM17-CHA-1070,124,Chipolatas x2,Activé,0,kg,12.90 €,2 saucisses de 80g chacune environ,0.080,2,2.06 €,12.9 €/kg,5,0.2,1.57 €,chipolata.jpg,chipolata.jpg,chipolata.jpg,apdc_batignolles,batignolles,apdc_batignolles,Boucherie des Moines,Charcuterie,Charcuterie crue transformée sur place,Mon Boucher/Boucherie des Moines/Charcuterie;;Mon Boucher/Boucherie des Moines/Tous,Toute l'année,,,France,Fait maison,Non,pur porc français,,,0.000,0.160,Toute l'année,Chipolatas x2,pur porc français,DAN17-SAU-401,"re::^CDV,re::^MPB17-ARO",
,BDM17-CHA-1338,125,Saucisses aux herbes x2,Activé,0,kg,14.95 €,2 saucisses de 80g chacune environ,0.080,2,2.39 €,14.95 €/kg,5,0.2,1.81 €,saucisseherbe.jpg,saucisseherbe.jpg,saucisseherbe.jpg,apdc_batignolles,batignolles,apdc_batignolles,Boucherie des Moines,Charcuterie,Charcuterie crue transformée sur place,Mon Boucher/Boucherie des Moines/Charcuterie;;Mon Boucher/Boucherie des Moines/Tous,Toute l'année,,,France,Fait maison,Non,pur porc français,,,0.000,0.160,Toute l'année,Saucisses aux herbes x2,pur porc français,,"re::^CDV,re::^MPB17-ARO",
,BDM17-CHA-1333,126,Saucisse fraîche façon Toulouse x2,Activé,0,kg,12.90 €,2 saucisses de 200g chacune environ,0.200,2,5.16 €,12.9 €/kg,5,0.2,3.91 €,suacisse_nature.jpg,suacisse_nature.jpg,suacisse_nature.jpg,apdc_batignolles,batignolles,apdc_batignolles,Boucherie des Moines,Charcuterie,Charcuterie crue transformée sur place,Mon Boucher/Boucherie des Moines/Charcuterie;;Mon Boucher/Boucherie des Moines/Tous,Toute l'année,,,France,Fait maison,Non,pur porc français,,,0.000,0.400,Toute l'année,Saucisse fraîche façon Toulouse x2,pur porc français,,"re::^CDV,re::^MPB17-ARO",
,BDM17-CHA-1336,127,Saucisse paysanne aux oignons frits et herbes,Activé,0,kg,14.95 €,1 saucisse de 180g environ,0.180,1,2.69 €,14.95 €/kg,5,0.2,2.04 €,BDM17-saucissepaysanne.jpg,BDM17-saucissepaysanne.jpg,BDM17-saucissepaysanne.jpg,apdc_batignolles,batignolles,apdc_batignolles,Boucherie des Moines,Charcuterie,Charcuterie crue transformée sur place,Mon Boucher/Boucherie des Moines/Charcuterie;;Mon Boucher/Boucherie des Moines/Tous,Toute l'année,,,France,Fait maison,Non,pur porc français,,,0.000,0.180,Toute l'année,Saucisse paysanne aux oignons frits et herbes,pur porc français,,"re::^CDV,re::^MPB17-ARO",
,BDM17-CHA-1041,128,Boudin Blanc Truffé,0,0,kg,28.00 €,,,1,0.00 €,#DIV/0!,5,0.2,0.00 €,,,,apdc_batignolles,batignolles,apdc_batignolles,Boucherie des Moines,Charcuterie,Charcuterie crue,Mon Boucher/Boucherie des Moines/Charcuterie;;Mon Boucher/Boucherie des Moines/Tous,,Fournisseur Rungis,,France,,Non,,,,0.000,0.000,Non dispo lors du relevé,Boudin Blanc Truffé,,,"re::^CDV,re::^MPB17-ARO",
,BDM17-CHA-1040,129,Boudin Blanc Forestier,0,0,kg,19.90 €,,,1,0.00 €,#DIV/0!,5,0.2,0.00 €,,,,apdc_batignolles,batignolles,apdc_batignolles,Boucherie des Moines,Charcuterie,Charcuterie crue,Mon Boucher/Boucherie des Moines/Charcuterie;;Mon Boucher/Boucherie des Moines/Tous,,Fournisseur Rungis,,France,,Non,,,,0.000,0.000,En saison,Boudin Blanc Forestier,,,"re::^CDV,re::^MPB17-ARO",
,BDM17-TRA-1192,130,Jambon blanc tranché,Activé,0,kg,19.95 €,"1 portion de 200g environ, en tranches fines",0.200,1,3.99 €,19.95 €/kg,5,0.2,3.03 €,jambon_blanc.jpg,jambon_blanc.jpg,jambon_blanc.jpg,apdc_batignolles,batignolles,apdc_batignolles,Boucherie des Moines,Charcuterie,,Mon Boucher/Boucherie des Moines/Charcuterie;;Mon Boucher/Boucherie des Moines/Tous,Toute l'année,,,France,,Non,,,,,0.200,Toute l'année,Jambon blanc tranché,,,"re::^CDV,re::^MPB17-ARO",
,BDM17-CHA-1015,131,Bacon tranchée,Activé,0,kg,22.90 €,1 portion de 100g en fines tranches,0.100,1,2.29 €,22.9 €/kg,5,0.2,1.74 €,BDM17-bacontranche.jpg,BDM17-bacontranche.jpg,BDM17-bacontranche.jpg,apdc_batignolles,batignolles,apdc_batignolles,Boucherie des Moines,Charcuterie,,Mon Boucher/Boucherie des Moines/Charcuterie;;Mon Boucher/Boucherie des Moines/Tous,Toute l'année,,,France,,Non,,,,0.080,0.100,Toute l'année,Bacon tranchée,,,"re::^CDV,re::^MPB17-ARO",
,BDM17-CHA-1209,132,Lard fumé,Activé,0,kg,17.95 €,"1 portion de 200g environ (en tranche)
",0.200,1,3.59 €,17.95 €/kg,5,0.2,2.72 €,lardfume.jpg,lardfume.jpg,lardfume.jpg,apdc_batignolles,batignolles,apdc_batignolles,Boucherie des Moines,Charcuterie,,Mon Boucher/Boucherie des Moines/Charcuterie;;Mon Boucher/Boucherie des Moines/Tous,Toute l'année,,,France,,Non,Poitrine fumée.,,,,0.200,Toute l'année,Lard fumé,Poitrine fumée.,,"re::^CDV,re::^MPB17-ARO",
,BDM17-CHA-1330,133,Saucisse de Morteaux,Activé,0,kg,24.95 €,1 saucisse de 450g environ,0.450,1,11.23 €,24.95 €/kg,5,0.2,8.51 €,BDM17-saucissemorteau.jpg,BDM17-saucissemorteau.jpg,BDM17-saucissemorteau.jpg,apdc_batignolles,batignolles,apdc_batignolles,Boucherie des Moines,Charcuterie,Charcuterie crue,Mon Boucher/Boucherie des Moines/Charcuterie;;Mon Boucher/Boucherie des Moines/Tous,Toute l'année,,,France,,Non,,,,0.000,0.450,Toute l'année,Saucisse de Morteaux,,,"re::^CDV,re::^MPB17-ARO",
,BDM17-CHA-1329,134,Saucisse de Montbelliard,Activé,0,kg,19.95 €,1 saucisse de 180g environ,0.180,1,3.59 €,19.95 €/kg,5,0.2,2.72 €,BDM17-saucissemontbeliard.jpg,BDM17-saucissemontbeliard.jpg,BDM17-saucissemontbeliard.jpg,apdc_batignolles,batignolles,apdc_batignolles,Boucherie des Moines,Charcuterie,Charcuterie crue,Mon Boucher/Boucherie des Moines/Charcuterie;;Mon Boucher/Boucherie des Moines/Tous,Toute l'année,,,France,,Non,,,,0.000,0.180,Toute l'année,Saucisse de Montbelliard,,,"re::^CDV,re::^MPB17-ARO",
,BDM17-CHA-1335,135,Saucisses de Francfort x2,Activé,0,kg,14.95 €,2 saucisses de 80g chacune environ,0.080,2,2.39 €,14.95 €/kg,5,0.2,1.81 €,francfort.jpg,francfort.jpg,francfort.jpg,apdc_batignolles,batignolles,apdc_batignolles,Boucherie des Moines,Charcuterie,Charcuterie crue,Mon Boucher/Boucherie des Moines/Charcuterie;;Mon Boucher/Boucherie des Moines/Tous,Toute l'année,,,France,,Non,,,,0.000,0.160,Toute l'année,Saucisses de Francfort x2,,,"re::^CDV,re::^MPB17-ARO",
,BDM17-CHA-1013,136,Andouillette à cuire de Troyes,Activé,0,kg,28.95 €,1 Paquet de 400g contenant 2 Andouillettes,0.400,1,11.58 €,28.95 €/kg,5,0.2,8.78 €,andouillette.jpg,andouillette.jpg,andouillette.jpg,apdc_batignolles,batignolles,apdc_batignolles,Boucherie des Moines,Charcuterie,Charcuterie crue,Mon Boucher/Boucherie des Moines/Charcuterie;;Mon Boucher/Boucherie des Moines/Tous,,"
",,France,,Non,1 Paquet de 400g contenant 2 Andouillettes,,,0.000,0.400,Pas dispo lors du relevé,Andouillette à cuire de Troyes,1 Paquet de 400g contenant 2 Andouillettes,,"re::^CDV,re::^MPB17-ARO",
,BDM17-CHA-1072,138,Chorizo,0,0,kg,26.95 €,,,,0.00 €,#DIV/0!,5,0.2,0.00 €,,,,apdc_batignolles,batignolles,apdc_batignolles,Boucherie des Moines,Charcuterie,,Mon Boucher/Boucherie des Moines/Charcuterie;;Mon Boucher/Boucherie des Moines/Tous,,,,,,Non,,,,,0.000,Non dispo lors du relevé,Chorizo,,,"re::^CDV,re::^MPB17-ARO",
,BDM17-CHA-1043,139,Boudin noir,Activé,0,kg,12.90 €,1 portion de 200g environ,0.200,1,2.58 €,12.9 €/kg,5,0.2,1.96 €,boudin_noir.jpg,boudin_noir.jpg,boudin_noir.jpg,apdc_batignolles,batignolles,apdc_batignolles,Boucherie des Moines,Charcuterie,Charcuterie crue,Mon Boucher/Boucherie des Moines/Charcuterie;;Mon Boucher/Boucherie des Moines/Tous,Toute l'année,,,France,,Non,,,,0.000,0.200,Toute l'année,Boudin noir,,,"re::^CDV,re::^MPB17-ARO",
,BDM17-VEA-1156,140,Foie de Veau,Activé,0,kg,38.95 €,1 foie de 150g environ,0.150,1,5.84 €,38.95 €/kg,5,0.2,4.43 €,foieveau.jpg,foieveau.jpg,foieveau.jpg,apdc_batignolles,batignolles,apdc_batignolles,Boucherie des Moines,Veau,,Mon Boucher/Boucherie des Moines/Veau;;Mon Boucher/Boucherie des Moines/Tous,Toute l'année,,,France,,Non,,,,0.000,0.150,Toute l'année,Foie de Veau,,DAN17-VEA-111,"re::^CDV,re::^MPB17-ARO",
,BDM17-VEA-1287,141,Rognon de veau,0,0,kg,22.95 €,1 portion,0.180,1,4.13 €,22.95 €/kg,5,0.2,3.13 €,,,,apdc_batignolles,batignolles,apdc_batignolles,Boucherie des Moines,Veau,,Mon Boucher/Boucherie des Moines/Veau;;Mon Boucher/Boucherie des Moines/Tous,Toute l'année,,,,,Non,,,,0.000,0.180,Toute l'année,Rognon de veau,,,"re::^CDV,re::^MPB17-ARO",
,BDM17-VEA-1065,142,Cervelle de veau,0,0,pièce,4.80 €,,,1,4.80 €,4.8 €/pièce,5,0.2,3.64 €,,,,apdc_batignolles,batignolles,apdc_batignolles,Boucherie des Moines,Veau,,Mon Boucher/Boucherie des Moines/Veau;;Mon Boucher/Boucherie des Moines/Tous,,,,,,Non,,,,0.000,0.000,Non dispo lors du relevé,Cervelle de veau,,,"re::^CDV,re::^MPB17-ARO",
,BDM17-VEA-1154,143,Foie de bœuf,0,0,kg,8.80 €,,,,0.00 €,#DIV/0!,5,0.2,0.00 €,,,,apdc_batignolles,batignolles,apdc_batignolles,Boucherie des Moines,Veau,,Mon Boucher/Boucherie des Moines/Veau;;Mon Boucher/Boucherie des Moines/Tous,,,,,,Non,,,,,0.000,Non dispo lors du relevé,Foie de bœuf,,,"re::^CDV,re::^MPB17-ARO",
,BDM17-VEA-1207,144,Langue de veau,0,0,kg,15.95 €,,,,0.00 €,#DIV/0!,5,0.2,0.00 €,,,,apdc_batignolles,batignolles,apdc_batignolles,Boucherie des Moines,Veau,,Mon Boucher/Boucherie des Moines/Veau;;Mon Boucher/Boucherie des Moines/Tous,,,,,,Non,,,,,0.000,Non dispo lors du relevé,Langue de veau,,,"re::^CDV,re::^MPB17-ARO",
,BDM17-BOE-1206,145,Langue de bœuf,0,0,kg,11.95 €,,,,0.00 €,#DIV/0!,5,0.2,0.00 €,,,,apdc_batignolles,batignolles,apdc_batignolles,Boucherie des Moines,Bœuf,,Mon Boucher/Boucherie des Moines/Bœuf;;Mon Boucher/Boucherie des Moines/Tous,,,,,,Non,,,,,0.000,Non dispo lors du relevé,Langue de bœuf,,,"re::^CDV,re::^MPB17-ARO",
,BDM17-VEA-1358,146,Tête de veau,0,0,kg,16.95 €,,,1,0.00 €,#DIV/0!,5,0.2,0.00 €,,,,apdc_batignolles,batignolles,apdc_batignolles,Boucherie des Moines,Veau,,Mon Boucher/Boucherie des Moines/Veau;;Mon Boucher/Boucherie des Moines/Tous,Toute l'année,,,,,Non,,,,0.000,0.000,Toute l'année,Tête de veau,,,"re::^CDV,re::^MPB17-ARO",
,BDM17-CHA-1371,147,Tripe,0,0,kg,11.95 €,,,1,0.00 €,#DIV/0!,5,0.2,0.00 €,,,,apdc_batignolles,batignolles,apdc_batignolles,Boucherie des Moines,Charcuterie,,Mon Boucher/Boucherie des Moines/Charcuterie;;Mon Boucher/Boucherie des Moines/Tous,Toute l'année,,,,,Non,,,,0.000,0.000,Toute l'année,Tripe,,,"re::^CDV,re::^MPB17-ARO",
,BDM17-CHA-1372,147,Tripes,0,0,kg,11.95 €,,,1,0.00 €,#DIV/0!,5,0.2,0.00 €,,,,apdc_batignolles,batignolles,apdc_batignolles,Boucherie des Moines,Charcuterie,,Mon Boucher/Boucherie des Moines/Charcuterie;;Mon Boucher/Boucherie des Moines/Tous,,,,,,Non,,,,0.000,0.000,Non dispo lors du relevé,Tripes,,,"re::^CDV,re::^MPB17-ARO",
,BDM17-BOE-1285,148,Rognon de bœuf,0,0,kg,8.95 €,,,,0.00 €,#DIV/0!,5,0.2,0.00 €,,,,apdc_batignolles,batignolles,apdc_batignolles,Boucherie des Moines,Bœuf,,Mon Boucher/Boucherie des Moines/Bœuf;;Mon Boucher/Boucherie des Moines/Tous,,,,,,Non,,,,,0.000,Non dispo lors du relevé,Rognon de bœuf,,,"re::^CDV,re::^MPB17-ARO",
,BDM17-AGN-1064,149,Cervelle d'agneau,0,0,pièce,2.80 €,,,1,2.80 €,2.8 €/pièce,5,0.2,2.12 €,,,,apdc_batignolles,batignolles,apdc_batignolles,Boucherie des Moines,Agneau,,Mon Boucher/Boucherie des Moines/Agneau;;Mon Boucher/Boucherie des Moines/Tous,,,,France Sisteron,Sisteron Label Rouge,Non,,,,0.000,0.000,Fréquent,Cervelle d'agneau,,,"re::^CDV,re::^MPB17-ARO",
,BDM17-POR-1286,149,Petite Cervelle,0,0,pièce,2.80 €,,,,0.00 €,2.8 €/pièce,5,0.2,0.00 €,,,,apdc_batignolles,batignolles,apdc_batignolles,Boucherie des Moines,Porc,,Mon Boucher/Boucherie des Moines/Porc;;Mon Boucher/Boucherie des Moines/Tous,,,,,,Non,,,,,0.000,Non dispo lors du relevé,Petite Cervelle,,,"re::^CDV,re::^MPB17-ARO",
,BDM17-POR-1155,150,Foie de porc,0,0,kg,8.95 €,,,,0.00 €,#DIV/0!,5,0.2,0.00 €,,,,apdc_batignolles,batignolles,apdc_batignolles,Boucherie des Moines,Porc,,Mon Boucher/Boucherie des Moines/Porc;;Mon Boucher/Boucherie des Moines/Tous,,,,,,Non,,,,,0.000,Non dispo lors du relevé,Foie de porc,,,"re::^CDV,re::^MPB17-ARO",
,BDM17-VEA-1248,151,Pieds de veau x2,0,0,pièce,3.60 €,2 pieds de 400g chacun environ,0.400,2,7.20 €,3.6 €/pièce,5,0.2,5.46 €,,,,apdc_batignolles,batignolles,apdc_batignolles,Boucherie des Moines,Veau,,Mon Boucher/Boucherie des Moines/Veau;;Mon Boucher/Boucherie des Moines/Tous,Toute l'année,,,,,Non,,,,0.000,0.800,Toute l'année,Pieds de veau x2,,,"re::^CDV,re::^MPB17-ARO",
,BDM17-VEA-1185,152,Gras double,0,0,kg,11.95 €,,,,0.00 €,#DIV/0!,5,0.2,0.00 €,,,,apdc_batignolles,batignolles,apdc_batignolles,Boucherie des Moines,Veau,,Mon Boucher/Boucherie des Moines/Veau;;Mon Boucher/Boucherie des Moines/Tous,,,,,,Non,,,,,0.000,Sur commande,Gras double,,,"re::^CDV,re::^MPB17-ARO",
,BDM17-VEA-1283,153,Ris de veau,0,0,kg,48.00 €,,,,0.00 €,#DIV/0!,5,0.2,0.00 €,,,,apdc_batignolles,batignolles,apdc_batignolles,Boucherie des Moines,Veau,,Mon Boucher/Boucherie des Moines/Veau;;Mon Boucher/Boucherie des Moines/Tous,,,,,,Non,,,,,0.000,Non dispo lors du relevé,Ris de veau,,,"re::^CDV,re::^MPB17-ARO",
,BDM17-VEA-1051,154,Broutard de veau,0,0,kg,15.90 €,,,,0.00 €,#DIV/0!,5,0.2,0.00 €,,,,apdc_batignolles,batignolles,apdc_batignolles,Boucherie des Moines,Veau,,Mon Boucher/Boucherie des Moines/Veau;;Mon Boucher/Boucherie des Moines/Tous,,,,,,Non,,,,,0.000,Non dispo lors du relevé,Broutard de veau,,,"re::^CDV,re::^MPB17-ARO",
,BDM17-VEA-1126,155,Demi pied de veau,0,0,pièce,1.80 €,,,,0.00 €,1.8 €/pièce,5,0.2,0.00 €,,,,apdc_batignolles,batignolles,apdc_batignolles,Boucherie des Moines,Veau,,Mon Boucher/Boucherie des Moines/Veau;;Mon Boucher/Boucherie des Moines/Tous,,,,,,Non,,,,,0.000,Non dispo lors du relevé,Demi pied de veau,,,"re::^CDV,re::^MPB17-ARO",
,BDM17-CHA-1340,156,Saucisson de Lyon nature,0,0,kg,21.95 €,,,1,0.00 €,#DIV/0!,5,0.2,0.00 €,,,,apdc_batignolles,batignolles,apdc_batignolles,Boucherie des Moines,Charcuterie,Charcuterie crue,Mon Boucher/Boucherie des Moines/Charcuterie;;Mon Boucher/Boucherie des Moines/Tous,,,,,,Non,,,,0.000,0.000,Pas dispo lors du relevé,Saucisson de Lyon nature,,,"re::^CDV,re::^MPB17-ARO",
,BDM17-CHA-1341,156,Saucisson de Lyon pistaché,0,0,kg,21.95 €,,,1,0.00 €,#DIV/0!,5,0.2,0.00 €,,,,apdc_batignolles,batignolles,apdc_batignolles,Boucherie des Moines,Charcuterie,Charcuterie crue,Mon Boucher/Boucherie des Moines/Charcuterie;;Mon Boucher/Boucherie des Moines/Tous,,,,,,Non,,,,0.000,0.000,Pas dispo lors du relevé,Saucisson de Lyon pistaché,,,"re::^CDV,re::^MPB17-ARO",
,BDM17-AGN-1153,157,Foie d'agneau,Activé,0,kg,16.90 €,1 portion de 550g,0.550,1,9.30 €,16.9 €/kg,5,0.2,7.05 €,BDM17-foieagneau.jpg,BDM17-foieagneau.jpg,BDM17-foieagneau.jpg,apdc_batignolles,batignolles,apdc_batignolles,Boucherie des Moines,Agneau,,Mon Boucher/Boucherie des Moines/Agneau;;Mon Boucher/Boucherie des Moines/Tous,,,,France Sisteron,Sisteron Label Rouge,Non,,,,,0.550,Non dispo lors du relevé,Foie d'agneau,,,"re::^CDV,re::^MPB17-ARO",
,BDM17-VEA-1080,158,Coeur de veau,0,0,kg,7.95 €,,,,0.00 €,#DIV/0!,5,0.2,0.00 €,,,,apdc_batignolles,batignolles,apdc_batignolles,Boucherie des Moines,Veau,,Mon Boucher/Boucherie des Moines/Veau;;Mon Boucher/Boucherie des Moines/Tous,,,,,,Non,,,,,0.000,Non dispo lors du relevé,Coeur de veau,,DAN17-VEA-120,"re::^CDV,re::^MPB17-ARO",
,BDM17-VEA-1260,159,Poitrine de veau farçie,0,0,kg,22.95 €,,,,0.00 €,#DIV/0!,5,0.2,0.00 €,,,,apdc_batignolles,batignolles,apdc_batignolles,Boucherie des Moines,Veau,,Mon Boucher/Boucherie des Moines/Veau;;Mon Boucher/Boucherie des Moines/Tous,,,,,,Non,,,,,0.000,Non dispo lors du relevé,Poitrine de veau farçie,,,"re::^CDV,re::^MPB17-ARO",
,BDM17-VOL-1267,160,Poulet de Bresse effilé,0,0,kg,19.95 €,,,1,0.00 €,#DIV/0!,5,0.2,0.00 €,,,,apdc_batignolles,batignolles,apdc_batignolles,Boucherie des Moines,Volaille,Poulet,Mon Boucher/Boucherie des Moines/Volaille;;Mon Boucher/Boucherie des Moines/Tous,Toute l'année,Mieral,,France,IGP,Non,Elevé en pleine nature aux céréales de Bresse et au Lait,,,0.000,0.000,Toute l'année,Poulet de Bresse effilé,Elevé en pleine nature aux céréales de Bresse et au Lait,,"re::^CDV,re::^MPB17-ARO",
,BDM17-VOL-1270,161,Poulet fermier des Landes Bio,Activé,0,kg,12.50 €,1 poulet de 2kg environ (avant préparation),2.000,1,25.00 €,12.5 €/kg,5,0.2,18.96 €,BDM17-pouletfermierlandesbio.jpg,BDM17-pouletfermierlandesbio.jpg,BDM17-pouletfermierlandesbio.jpg,apdc_batignolles,batignolles,apdc_batignolles,Boucherie des Moines,Volaille,Poulet,Mon Boucher/Boucherie des Moines/Volaille;;Mon Boucher/Boucherie des Moines/Tous,Toute l'année,"
",,France,Label Rouge,"AB,Bio Européen",Produit biologique.,,,0.000,2.000,Marque peut varier (Marie Hot – Landes & Gastronomie),Poulet fermier des Landes Bio,Produit biologique.,BDM17-VOL-1308,"re::^CDV,re::^MPB17-ARO",
,BDM17-VOL-1271,162,Poulet fermier Noir effilé des landes,Activé,0,kg,9.95 €,1 poulet de 2kg environ (avant préparation),2.000,1,19.90 €,9.95 €/kg,5,0.2,15.09 €,BDM17-pouletfermiernoir.jpg,BDM17-pouletfermiernoir.jpg,BDM17-pouletfermiernoir.jpg,apdc_batignolles,batignolles,apdc_batignolles,Boucherie des Moines,Volaille,Poulet,Mon Boucher/Boucherie des Moines/Volaille;;Mon Boucher/Boucherie des Moines/Tous,Toute l'année,,,France,"Label Rouge, IGP",Non,Non vidé,,,0.000,2.000,Toute l'année,Poulet fermier Noir effilé des landes,Non vidé,"DAN17-VOL-510,BDM17-VOL-1308","re::^CDV,re::^MPB17-ARO",
,BDM17-VOL-1265,163,Poulet à rotir,0,0,kg,9.75 €,,,1,0.00 €,#DIV/0!,5,0.2,0.00 €,,,,apdc_batignolles,batignolles,apdc_batignolles,Boucherie des Moines,Volaille,Poulet,Mon Boucher/Boucherie des Moines/Volaille;;Mon Boucher/Boucherie des Moines/Tous,,,,,,Non,Non vidé,,,0.000,0.000,Non dispo lors du relevé,Poulet à rotir,Non vidé,,"re::^CDV,re::^MPB17-ARO",
,BDM17-VOL-1264,164,Poulet A,0,0,pièce,6.00 €,,,1,6.00 €,6 €/pièce,5,0.2,4.55 €,,,,apdc_batignolles,batignolles,apdc_batignolles,Boucherie des Moines,Volaille,Poulet,Mon Boucher/Boucherie des Moines/Volaille;;Mon Boucher/Boucherie des Moines/Tous,Toute l'année,,,,,Non,,,,0.000,0.000,Toute l'année,Poulet A,,,"re::^CDV,re::^MPB17-ARO",
,BDM17-VOL-1087,165,Coquelet jaune,0,0,pièce,6.40 €,,,1,6.40 €,6.4 €/pièce,5,0.2,4.85 €,,,,apdc_batignolles,batignolles,apdc_batignolles,Boucherie des Moines,Volaille,,Mon Boucher/Boucherie des Moines/Volaille;;Mon Boucher/Boucherie des Moines/Tous,Toute l'année,,,,,Non,,,,0.000,0.000,Toute l'année,Coquelet jaune,,,"re::^CDV,re::^MPB17-ARO",
,BDM17-VOL-1253,166,Pintade fermière jaune des Landes,0,0,kg,10.95 €,1 volaille,1.700,1,18.62 €,10.95 €/kg,5,0.2,14.12 €,,,,apdc_batignolles,batignolles,apdc_batignolles,Boucherie des Moines,Volaille,Pintade,Mon Boucher/Boucherie des Moines/Volaille;;Mon Boucher/Boucherie des Moines/Tous,Toute l'année,"
",,Landes,"IGP, Label Rouge",Non,"94 jours mini de vie, élevée en plein air",,,0.000,1.700,Marque peut varier (Marie Hot – Landes & Gastronomie),Pintade fermière jaune des Landes,"94 jours mini de vie, élevée en plein air",,"re::^CDV,re::^MPB17-ARO",
,BDM17-VOL-1056,167,Canette fermière effilée classe A,0,0,kg,10.95 €,,,1,0.00 €,#DIV/0!,5,0.2,0.00 €,,,,apdc_batignolles,batignolles,apdc_batignolles,Boucherie des Moines,Volaille,Canard,Mon Boucher/Boucherie des Moines/Volaille;;Mon Boucher/Boucherie des Moines/Tous,Toute l'année,"Challans, Volailles des Champs",,France Vendée,Label Rouge,Non,"Alimentée avec 100 % de produits végétaux, minéraux et vitamines dont 75 % de céréales. Fermière, élevée en plein air, durée d'élevage : 70 jours minimum",,,0.000,0.000,Toute l'année,Canette fermière effilée classe A,"Alimentée avec 100 % de produits végétaux, minéraux et vitamines dont 75 % de céréales. Fermière, élevée en plein air, durée d'élevage : 70 jours minimum",DAN17-VOL-512,"re::^CDV,re::^MPB17-ARO",
,BDM17-VOL-1250,168,Pigeon,0,0,pièce,13.90 €,,,,0.00 €,13.9 €/pièce,5,0.2,0.00 €,,,,apdc_batignolles,batignolles,apdc_batignolles,Boucherie des Moines,Volaille,,Mon Boucher/Boucherie des Moines/Volaille;;Mon Boucher/Boucherie des Moines/Tous,,,,,,Non,"94 jours mini de vie, élevée en plein air",,,,0.000,Non dispo lors du relevé,Pigeon,"94 jours mini de vie, élevée en plein air",,"re::^CDV,re::^MPB17-ARO",
,BDM17-VOL-1216,170,Magret de Canard Sud Ouest,0,0,kg,23.80 €,,,1,0.00 €,#DIV/0!,5,0.2,0.00 €,,,,apdc_batignolles,batignolles,apdc_batignolles,Boucherie des Moines,Volaille,Canard,Mon Boucher/Boucherie des Moines/Volaille;;Mon Boucher/Boucherie des Moines/Tous,Toute l'année,,,France Périgord,IGP,Non,Produit frais issu de canard à foie gras du Périgord,,,0.000,0.000,Toute l'année,Magret de Canard Sud Ouest,Produit frais issu de canard à foie gras du Périgord,,"re::^CDV,re::^MPB17-ARO",
,BDM17-VOL-1149,171,Filet de Dinde,Activé,0,kg,14.95 €,1 filet de 170g environ,0.170,1,2.54 €,14.95 €/kg,5,0.2,1.93 €,filetdinde.jpg,filetdinde.jpg,filetdinde.jpg,apdc_batignolles,batignolles,apdc_batignolles,Boucherie des Moines,Volaille,Dinde,Mon Boucher/Boucherie des Moines/Volaille;;Mon Boucher/Boucherie des Moines/Tous,Toute l'année,,,France,,Non,,,,0.000,0.170,Toute l'année,Filet de Dinde,,DAN17-VOL-500,"re::^CDV,re::^MPB17-ARO",
,BDM17-VOL-1115,172,Cuisse de dinde,0,0,kg,7.90 €,,,,0.00 €,#DIV/0!,5,0.2,0.00 €,,,,apdc_batignolles,batignolles,apdc_batignolles,Boucherie des Moines,Volaille,Dinde,Mon Boucher/Boucherie des Moines/Volaille;;Mon Boucher/Boucherie des Moines/Tous,,,,,,Non,,,,,0.000,Non dispo lors du relevé,Cuisse de dinde,,DAN17-VOL-501,"re::^CDV,re::^MPB17-ARO",
,BDM17-VOL-1008,173,Aileron de dinde,0,0,kg,4.50 €,,,,0.00 €,#DIV/0!,5,0.2,0.00 €,,,,apdc_batignolles,batignolles,apdc_batignolles,Boucherie des Moines,Volaille,Dinde,Mon Boucher/Boucherie des Moines/Volaille;;Mon Boucher/Boucherie des Moines/Tous,,,,,,Non,,,,,0.000,Non dispo lors du relevé,Aileron de dinde,,DAN17-VOL-504,"re::^CDV,re::^MPB17-ARO",
,BDM17-VOL-1122,175,Cuisse de Poulet fermier,Activé,0,kg,13.95 €,1 cuisse de 350g environ,0.350,1,4.88 €,13.95 €/kg,5,0.2,3.70 €,BDM17-cuissepouletfermier.jpg,BDM17-cuissepouletfermier.jpg,BDM17-cuissepouletfermier.jpg,apdc_batignolles,batignolles,apdc_batignolles,Boucherie des Moines,Volaille,Poulet,Mon Boucher/Boucherie des Moines/Volaille;;Mon Boucher/Boucherie des Moines/Tous,Toute l'année,,,France,Label Rouge,Non,,,,0.000,0.350,Toute l'année,Cuisse de Poulet fermier,,DAN17-VOL-506,"re::^CDV,re::^MPB17-ARO",
,BDM17-VOL-1009,176,Aile de Poulet,0,0,kg,4.95 €,2 filets de 170g chacun environ,0.170,2,1.68 €,4.95 €/kg,5,0.2,1.28 €,,,,apdc_batignolles,batignolles,apdc_batignolles,Boucherie des Moines,Volaille,Poulet,Mon Boucher/Boucherie des Moines/Volaille;;Mon Boucher/Boucherie des Moines/Tous,,,,,,Non,,,,0.000,0.340,Non dispo lors du relevé,Aile de Poulet,,,"re::^CDV,re::^MPB17-ARO",
,BDM17-VOL-1174,177,Foies de poulet,0,0,kg,8.95 €,,,1,0.00 €,#DIV/0!,5,0.2,0.00 €,,,,apdc_batignolles,batignolles,apdc_batignolles,Boucherie des Moines,Volaille,Poulet,Mon Boucher/Boucherie des Moines/Volaille;;Mon Boucher/Boucherie des Moines/Tous,Toute l'année,,,,,Non,,,,0.000,0.000,Toute l'année,Foies de poulet,,,"re::^CDV,re::^MPB17-ARO",
,BDM17-VOL-1263,178,Poule effilée,0,0,kg,6.95 €,,,1,0.00 €,#DIV/0!,5,0.2,0.00 €,,,,apdc_batignolles,batignolles,apdc_batignolles,Boucherie des Moines,Volaille,Poulet,Mon Boucher/Boucherie des Moines/Volaille;;Mon Boucher/Boucherie des Moines/Tous,Toute l'année,France Coq,,France Lorraine,,Non,,,,0.000,0.000,Toute l'année,Poule effilée,,,"re::^CDV,re::^MPB17-ARO",
,BDM17-VOL-1117,180,Cuisse de Lapin,0,0,kg,19.95 €,,,1,0.00 €,#DIV/0!,5,0.2,0.00 €,,,,apdc_batignolles,batignolles,apdc_batignolles,Boucherie des Moines,Volaille,Lapin,Mon Boucher/Boucherie des Moines/Volaille;;Mon Boucher/Boucherie des Moines/Tous,Toute l'année,,,France Vendée,,Non,,,,0.000,0.000,Toute l'année,Cuisse de Lapin,,,"re::^CDV,re::^MPB17-ARO",
,BDM17-VOL-1278,181,Râble de Lapin,0,0,kg,18.95 €,,,1,0.00 €,#DIV/0!,5,0.2,0.00 €,,,,apdc_batignolles,batignolles,apdc_batignolles,Boucherie des Moines,Volaille,Lapin,Mon Boucher/Boucherie des Moines/Volaille;;Mon Boucher/Boucherie des Moines/Tous,Toute l'année,,,France Vendée,,Non,,,,0.000,0.000,Toute l'année,Râble de Lapin,,,"re::^CDV,re::^MPB17-ARO",
,BDM17-VOL-1053,182,Canette à rôtir,0,0,kg,10.95 €,,,1,0.00 €,#DIV/0!,5,0.2,0.00 €,,,,apdc_batignolles,batignolles,apdc_batignolles,Boucherie des Moines,Volaille,Canard,Mon Boucher/Boucherie des Moines/Volaille;;Mon Boucher/Boucherie des Moines/Tous,,,,,,Non,,,,0.000,0.000,Non dispo lors du relevé,Canette à rôtir,,,"re::^CDV,re::^MPB17-ARO",
,BDM17-VOL-1119,183,Cuisse de poulet,0,0,kg,8.00 €,,,,0.00 €,#DIV/0!,5,0.2,0.00 €,,,,apdc_batignolles,batignolles,apdc_batignolles,Boucherie des Moines,Volaille,Poulet,Mon Boucher/Boucherie des Moines/Volaille;;Mon Boucher/Boucherie des Moines/Tous,,,,,,Non,,,,,0.000,Non dispo lors du relevé,Cuisse de poulet,,,"re::^CDV,re::^MPB17-ARO",
,BDM17-VOL-1114,184,Cuisse de canard de Vendée,0,0,kg,12.95 €,,,1,0.00 €,#DIV/0!,5,0.2,0.00 €,,,,apdc_batignolles,batignolles,apdc_batignolles,Boucherie des Moines,Volaille,Canard,Mon Boucher/Boucherie des Moines/Volaille;;Mon Boucher/Boucherie des Moines/Tous,Toute l'année,Léon Dupont,,,,Non,,,,0.000,0.000,Toute l'année,Cuisse de canard de Vendée,,,"re::^CDV,re::^MPB17-ARO",
,BDM17-VOL-1085,185,Coq en morceaux,0,0,kg,9.95 €,,,1,0.00 €,#DIV/0!,5,0.2,0.00 €,,,,apdc_batignolles,batignolles,apdc_batignolles,Boucherie des Moines,Volaille,,Mon Boucher/Boucherie des Moines/Volaille;;Mon Boucher/Boucherie des Moines/Tous,,,,,,Non,,,,0.000,0.000,Non dispo lors du relevé,Coq en morceaux,,,"re::^CDV,re::^MPB17-ARO",
,BDM17-VOL-1302,186,Coq entier,0,0,kg,9.95 €,,,1,0.00 €,#DIV/0!,5,0.2,0.00 €,,,,apdc_batignolles,batignolles,apdc_batignolles,Boucherie des Moines,Volaille,,Mon Boucher/Boucherie des Moines/Volaille;;Mon Boucher/Boucherie des Moines/Tous,,,,,,Non,,,,,0.000,,Coq entier,,,"re::^CDV,re::^MPB17-ARO",
,BDM17-VOL-1029,187,Blanquette de dinde,0,0,kg,4.95 €,,,1,0.00 €,#DIV/0!,5,0.2,0.00 €,,,,apdc_batignolles,batignolles,apdc_batignolles,Boucherie des Moines,Volaille,,Mon Boucher/Boucherie des Moines/Volaille;;Mon Boucher/Boucherie des Moines/Tous,,,,,,Non,,,,0.000,0.000,Non dispo lors du relevé,Blanquette de dinde,,,"re::^CDV,re::^MPB17-ARO",
,BDM17-VOL-1118,188,Cuisse de pintade,0,0,kg,19.95 €,,,,0.00 €,#DIV/0!,5,0.2,0.00 €,,,,apdc_batignolles,batignolles,apdc_batignolles,Boucherie des Moines,Volaille,,Mon Boucher/Boucherie des Moines/Volaille;;Mon Boucher/Boucherie des Moines/Tous,,,,,,Non,,,,,0.000,Non dispo lors du relevé,Cuisse de pintade,,DAN17-VOL-514,"re::^CDV,re::^MPB17-ARO",
,BDM17-CHA-1326,189,Saucisse à la volaille,0,0,kg,12.95 €,,,,0.00 €,#DIV/0!,5,0.2,0.00 €,,,,apdc_batignolles,batignolles,apdc_batignolles,Boucherie des Moines,Charcuterie,,Mon Boucher/Boucherie des Moines/Charcuterie;;Mon Boucher/Boucherie des Moines/Tous,,,,,,Non,pur porc français,,,,0.000,Non dispo lors du relevé,Saucisse à la volaille,pur porc français,,"re::^CDV,re::^MPB17-ARO",
,BDM17-BOE-1021,190,Bifteck haché promo,0,0,kg,10.90 €,,,,0.00 €,#DIV/0!,5,0.2,0.00 €,,,,apdc_batignolles,batignolles,apdc_batignolles,Boucherie des Moines,Bœuf,,Mon Boucher/Boucherie des Moines/Bœuf;;Mon Boucher/Boucherie des Moines/Tous,,,,France,Blonde d'Aquitaine ou Limousine,Non,,,,,0.000,Le mercredi uniquement,Bifteck haché promo,,,"re::^CDV,re::^MPB17-ARO",
,BDM17-BOE-1046,191,Brochette de bœuf,0,0,kg,23.95 €,1 brochette de 200g environ,0.200,1,4.79 €,23.95 €/kg,5,0.2,3.63 €,BDM17-bbrochetteboeuf.jpg,BDM17-bbrochetteboeuf.jpg,BDM17-bbrochetteboeuf.jpg,apdc_batignolles,batignolles,apdc_batignolles,Boucherie des Moines,Bœuf,,Mon Boucher/Boucherie des Moines/Bœuf;;Mon Boucher/Boucherie des Moines/Tous,,,,France,,Non,,,,,0.200,Non dispo lors du relevé,Brochette de bœuf,,DAN17-BOE-024,"re::^CDV,re::^MPB17-ARO",
,BDM17-VOL-1050,193,Brochette de poulet,0,0,kg,16.90 €,1 brochette de 200g environ,0.200,1,3.38 €,16.9 €/kg,5,0.2,2.56 €,BDM17-brochettepoulet.jpg,BDM17-brochettepoulet.jpg,BDM17-brochettepoulet.jpg,apdc_batignolles,batignolles,apdc_batignolles,Boucherie des Moines,Volaille,,Mon Boucher/Boucherie des Moines/Volaille;;Mon Boucher/Boucherie des Moines/Tous,,,,France,,Non,,,,,0.200,Non dispo lors du relevé,Brochette de poulet,,,"re::^CDV,re::^MPB17-ARO",
,BDM17-VOL-1047,194,Brochette de caille aux fruits secs,0,0,pièce,3.50 €,"1 brochette de caille, environ 200g",0.200,1,3.50 €,3.5 €/pièce,5,0.2,2.65 €,,,,apdc_batignolles,batignolles,apdc_batignolles,Boucherie des Moines,Volaille,,Mon Boucher/Boucherie des Moines/Volaille;;Mon Boucher/Boucherie des Moines/Tous,,,,France,,Non,,,,,0.200,Non dispo lors du relevé,Brochette de caille aux fruits secs,,,"re::^CDV,re::^MPB17-ARO",
,BDM17-VOL-1279,195,Râble de Lapin aux pruneaux,0,0,kg,22.95 €,,,1,0.00 €,#DIV/0!,5,0.2,0.00 €,,,,apdc_batignolles,batignolles,apdc_batignolles,Boucherie des Moines,Volaille,Lapin,Mon Boucher/Boucherie des Moines/Volaille;;Mon Boucher/Boucherie des Moines/Tous,Toute l'année,,,,,Non,,,,0.000,0.000,Toute l'année,Râble de Lapin aux pruneaux,,,"re::^CDV,re::^MPB17-ARO",
,BDM17-CHA-1245,196,Petite Morteaux Cuite,0,0,pièce,3.50 €,,,,0.00 €,3.5 €/pièce,5,0.2,0.00 €,,,,apdc_batignolles,batignolles,apdc_batignolles,Boucherie des Moines,Charcuterie,Charcuterie crue,Mon Boucher/Boucherie des Moines/Charcuterie;;Mon Boucher/Boucherie des Moines/Tous,,,,,,Non,,,,,0.000,Non dispo lors du relevé,Petite Morteaux Cuite,,,"re::^CDV,re::^MPB17-ARO",
,BDM17-BOE-1049,197,Brochette de veau,0,0,kg,22.90 €,1 brochette de 200g environ,0.200,1,4.58 €,22.9 €/kg,5,0.2,3.47 €,BDM17-bbrochetteboeuf.jpg,BDM17-bbrochetteboeuf.jpg,BDM17-bbrochetteboeuf.jpg,apdc_batignolles,batignolles,apdc_batignolles,Boucherie des Moines,Veau,,Mon Boucher/Boucherie des Moines/Veau;;Mon Boucher/Boucherie des Moines/Tous,,,,France,,Non,,,,,0.200,Non dispo lors du relevé,Brochette de veau,,,"re::^CDV,re::^MPB17-ARO",
,BDM17-POR-1049,198,Ribs Tex Mex,0,0,kg,16.95 €,1 portion de 500g,0.500,1,8.48 €,16.95 €/kg,5,0.2,6.43 €,BDM17-ribstexmex.jpg,BDM17-ribstexmex.jpg,BDM17-ribstexmex.jpg,apdc_batignolles,batignolles,apdc_batignolles,Boucherie des Moines,Porc,,Mon Boucher/Boucherie des Moines/Porc;;Mon Boucher/Boucherie des Moines/Tous,,,,France,,Non,,,,,0.500,Non dispo lors du relevé,Ribs Tex Mex,,,"re::^CDV,re::^MPB17-ARO",
,BDM17-TRA-1071,200,Chips,0,0,pièce,2.20 €,,,,0.00 €,2.2 €/pièce,5,0.2,0.00 €,,,,apdc_batignolles,batignolles,apdc_batignolles,Boucherie des Moines,Traiteur,,Mon Boucher/Boucherie des Moines/Traiteur;;Mon Boucher/Boucherie des Moines/Tous,,,,,,Non,,,,,0.000,Non dispo lors du relevé,Chips,,,"re::^CDV,re::^MPB17-ARO",
,BDM17-TRA-1211,201,Chips Les belles bleues,0,0,pièce,2.60 €,,,,0.00 €,2.6 €/pièce,5,0.2,0.00 €,,,,apdc_batignolles,batignolles,apdc_batignolles,Boucherie des Moines,Traiteur,,Mon Boucher/Boucherie des Moines/Traiteur;;Mon Boucher/Boucherie des Moines/Tous,,,,,,Non,,,,,0.000,Non dispo lors du relevé,Chips Les belles bleues,,,"re::^CDV,re::^MPB17-ARO",
,BDM17-CON-1190,202,Grand pot d'Haricots Verts Extra Fin,Activé,0,pièce,4.70 €,"1 pot de 330g, 180g net égoutté",0.330,1,4.70 €,4.7 €/pièce,5,0.2,3.56 €,BDM17-Haricotsverts.jpg,BDM17-Haricotsverts.jpg,BDM17-Haricotsverts.jpg,apdc_batignolles,batignolles,apdc_batignolles,Boucherie des Moines,Conserve,,Mon Boucher/Boucherie des Moines/Conserve;;Mon Boucher/Boucherie des Moines/Tous,Toute l'année,Couronne de Dijon,,France,,Non,,,,,0.330,Toute l'année,Grand pot d'Haricots Verts Extra Fin,,,"re::^CDV,re::^MPB17-ARO",
,BDM17-CON-1184,203,Grands Marrons,0,0,pièce,7.35 €,1 pot,,1,7.35 €,7.35 €/pièce,5,0.2,5.57 €,,,,apdc_batignolles,batignolles,apdc_batignolles,Boucherie des Moines,Conserve,,Mon Boucher/Boucherie des Moines/Conserve;;Mon Boucher/Boucherie des Moines/Tous,Toute l'année,,,,,Non,,,,,0.000,Toute l'année,Grands Marrons,,,"re::^CDV,re::^MPB17-ARO",
,BDM17-CON-1243,204,Petit pot de marrons à sec,Activé,0,pièce,5.55 €,1 pot de 196g,0.196,1,5.55 €,5.55 €/pièce,5,0.2,4.21 €,BDM17-petitpotmarron.jpg,BDM17-petitpotmarron.jpg,BDM17-petitpotmarron.jpg,apdc_batignolles,batignolles,apdc_batignolles,Boucherie des Moines,Conserve,,Mon Boucher/Boucherie des Moines/Conserve;;Mon Boucher/Boucherie des Moines/Tous,Toute l'année,,,,,Non,,,,,0.196,Toute l'année,Petit pot de marrons à sec,,,"re::^CDV,re::^MPB17-ARO",
,BDM17-GIB-1297,205,Rôti de biche,0,0,kg,58.00 €,,,,0.00 €,#DIV/0!,5,0.2,0.00 €,,,,apdc_batignolles,batignolles,apdc_batignolles,Boucherie des Moines,Gibier,Biche,Mon Boucher/Boucherie des Moines/Gibier;;Mon Boucher/Boucherie des Moines/Tous,,,,,,Non,,,,,0.000,Non dispo lors du relevé,Rôti de biche,,,"re::^CDV,re::^MPB17-ARO",
,BDM17-GIB-1148,206,Farce forestière,0,0,kg,19.90 €,,,,0.00 €,#DIV/0!,5,0.2,0.00 €,,,,apdc_batignolles,batignolles,apdc_batignolles,Boucherie des Moines,Gibier,,Mon Boucher/Boucherie des Moines/Gibier;;Mon Boucher/Boucherie des Moines/Tous,,,,,,Non,,,,,0.000,Non dispo lors du relevé,Farce forestière,,,"re::^CDV,re::^MPB17-ARO",
,BDM17-VOL-1048,207,Brochette de canard,0,0,kg,22.90 €,1 brochette de 160g environ,0.160,1,3.66 €,22.9 €/kg,5,0.2,2.78 €,BDM17-brochettecanard.jpg,BDM17-brochettecanard.jpg,BDM17-brochettecanard.jpg,apdc_batignolles,batignolles,apdc_batignolles,Boucherie des Moines,Volaille,,Mon Boucher/Boucherie des Moines/Volaille;;Mon Boucher/Boucherie des Moines/Tous,,,,France,,Non,,,,,0.160,Non dispo lors du relevé,Brochette de canard,,DAN17-VOL-509,"re::^CDV,re::^MPB17-ARO",
,BDM17-TRA-1014,208,Arlequin,0,0,kg,19.95 €,,,,0.00 €,#DIV/0!,5,0.2,0.00 €,,,,apdc_batignolles,batignolles,apdc_batignolles,Boucherie des Moines,???,,Mon Boucher/Boucherie des Moines/???;;Mon Boucher/Boucherie des Moines/Tous,,,,,,Non,,,,,0.000,Non dispo lors du relevé,Arlequin,,,"re::^CDV,re::^MPB17-ARO",
,BDM17-TRA-1221,209,Mix Grill,0,0,kg,11.95 €,,,,0.00 €,#DIV/0!,5,0.2,0.00 €,,,,apdc_batignolles,batignolles,apdc_batignolles,Boucherie des Moines,???,,Mon Boucher/Boucherie des Moines/???;;Mon Boucher/Boucherie des Moines/Tous,,,,,,Non,,,,,0.000,Non dispo lors du relevé,Mix Grill,,,"re::^CDV,re::^MPB17-ARO",
,BDM17-TRA-1112,210,Crépinette,0,0,kg,5.00 €,,,,0.00 €,#DIV/0!,5,0.2,0.00 €,,,,apdc_batignolles,batignolles,apdc_batignolles,Boucherie des Moines,???,,Mon Boucher/Boucherie des Moines/???;;Mon Boucher/Boucherie des Moines/Tous,,,,,,Non,,,,,0.000,Non dispo lors du relevé,Crépinette,,DAN17-SAU-404,"re::^CDV,re::^MPB17-ARO",
,BDM17-TRA-1322,211,Roulade Orientale,0,0,kg,19.95 €,,,,0.00 €,#DIV/0!,5,0.2,0.00 €,,,,apdc_batignolles,batignolles,apdc_batignolles,Boucherie des Moines,???,,Mon Boucher/Boucherie des Moines/???;;Mon Boucher/Boucherie des Moines/Tous,,,,,,Non,,,,,0.000,Non dispo lors du relevé,Roulade Orientale,,,"re::^CDV,re::^MPB17-ARO",
,BDM17-AGN-1224,212,Gorge de Porc,0,0,kg,7.90 €,,,,0.00 €,#DIV/0!,5,0.2,0.00 €,,,,apdc_batignolles,batignolles,apdc_batignolles,Boucherie des Moines,Agneau,,Mon Boucher/Boucherie des Moines/Agneau;;Mon Boucher/Boucherie des Moines/Tous,,,,France Sisteron,Sisteron Label Rouge,Non,,,,,0.000,Non dispo lors du relevé,Gorge de Porc,,,"re::^CDV,re::^MPB17-ARO",
,BDM17-CHA-1331,213,Saucisse de veau à l'Espellette,Activé,0,kg,16.95 €,1 saucisse de 80g chacune environ,0.080,1,1.36 €,16.95 €/kg,5,0.2,1.03 €,,,,apdc_batignolles,batignolles,apdc_batignolles,Boucherie des Moines,Charcuterie,Charcuterie crue,Mon Boucher/Boucherie des Moines/Charcuterie;;Mon Boucher/Boucherie des Moines/Tous,Toute l'année,,,France,,Non,,,,0.000,0.080,Toute l'année,Saucisse de veau à l'Espellette,,,"re::^CDV,re::^MPB17-ARO",
,BDM17-AGN-1090,214,Côte d'agneau aux herbes,0,0,kg,22.95 €,,,,0.00 €,#DIV/0!,5,0.2,0.00 €,,,,apdc_batignolles,batignolles,apdc_batignolles,Boucherie des Moines,Agneau,,Mon Boucher/Boucherie des Moines/Agneau;;Mon Boucher/Boucherie des Moines/Tous,,,,France Sisteron,Sisteron Label Rouge,Non,"A la suite des côtes découvertes, viennent quatre côtes secondes. La noisette de la côte seconde est aussi belle que celle de la côte première mais une bande un peu plus grasse s’étend le long du manche de la côte seconde.","Une côte à griller, tout simplement. Pour apprécier toute sa jutosité et sa tendreté, préférer une cuisson « rosé » ou « à point ».","Les côtes d’agneau ne se conservent pas plus de deux jours au réfrigérateur, dans sa partie la plus froide.",,0.000,Non dispo lors du relevé,Côte d'agneau aux herbes,"A la suite des côtes découvertes, viennent quatre côtes secondes. La noisette de la côte seconde est aussi belle que celle de la côte première mais une bande un peu plus grasse s’étend le long du manche de la côte seconde.",,"re::^CDV,re::^MPB17-ARO",
,BDM17-VEA-1316,215,Rôti de veau farci,0,0,kg,19.95 €,,,,0.00 €,#DIV/0!,5,0.2,0.00 €,,,,apdc_batignolles,batignolles,apdc_batignolles,Boucherie des Moines,Veau,,Mon Boucher/Boucherie des Moines/Veau;;Mon Boucher/Boucherie des Moines/Tous,,,,,,Non,,,,,0.000,Non dispo lors du relevé,Rôti de veau farci,,DAN17-SAU-410,"re::^CDV,re::^MPB17-ARO",
,BDM17-TRA-1345,216,Soubressade,Activé,0,pièce,4.30 €,1 pièce d'environ 160g,0.160,1,4.30 €,4.3 €/pièce,5,0.2,3.26 €,BDM17-soubressade.jpg,BDM17-soubressade.jpg,BDM17-soubressade.jpg,apdc_batignolles,batignolles,apdc_batignolles,Boucherie des Moines,Charcuterie,,Mon Boucher/Boucherie des Moines/Charcuterie;;Mon Boucher/Boucherie des Moines/Tous,,,,Espagne,,Non,,,,,0.160,,Soubressade,,,"re::^CDV,re::^MPB17-ARO",
,BDM17-VEA-1303,217,Rôti de lapin farci,0,0,kg,26.95 €,,,,0.00 €,#DIV/0!,5,0.2,0.00 €,,,,apdc_batignolles,batignolles,apdc_batignolles,Boucherie des Moines,Veau,,Mon Boucher/Boucherie des Moines/Veau;;Mon Boucher/Boucherie des Moines/Tous,,,,,,Non,,,,,0.000,Non dispo lors du relevé,Rôti de lapin farci,,,"re::^CDV,re::^MPB17-ARO",
,BDM17-CHA-1327,218,Saucisse au couteau,Activé,0,kg,16.95 €,1 saucisse de 180g environ,0.180,1,3.05 €,16.95 €/kg,5,0.2,2.31 €,saucissecouteau.jpg,saucissecouteau.jpg,saucissecouteau.jpg,apdc_batignolles,batignolles,apdc_batignolles,Boucherie des Moines,Charcuterie,Charcuterie crue transformée sur place,Mon Boucher/Boucherie des Moines/Charcuterie;;Mon Boucher/Boucherie des Moines/Tous,Toute l'année,,,France,Fait maison,Non,pur porc français,,,0.000,0.180,Toute l'année,Saucisse au couteau,pur porc français,,"re::^CDV,re::^MPB17-ARO",
,BDM17-POR-1311,219,Rôti de porc promo,0,0,kg,10.90 €,1 rôti de 1kg environ,1.000,1,10.90 €,10.9 €/kg,5,0.2,8.27 €,,,,apdc_batignolles,batignolles,apdc_batignolles,Boucherie des Moines,Porc,,Mon Boucher/Boucherie des Moines/Porc;;Mon Boucher/Boucherie des Moines/Tous,,,,,,Non,La longe (dos) fournit les rôtis les plus tendres (désossés).,,,0.220,1.000,Non dispo lors du relevé,Rôti de porc promo,La longe (dos) fournit les rôtis les plus tendres (désossés).,,"re::^CDV,re::^MPB17-ARO",
,BDM17-ROT-1269,230,Poulet fermier cuit,0,0,kg,12.60 €,,,1,0.00 €,#DIV/0!,5,0.2,0.00 €,,,,apdc_batignolles,batignolles,apdc_batignolles,Boucherie des Moines,Rôtisserie,Découpe,Mon Boucher/Boucherie des Moines/Rôtisserie;;Mon Boucher/Boucherie des Moines/Tous,Toute l'année,,,,,Non,,,,0.000,0.000,Toute l'année,Poulet fermier cuit,,,"re::^CDV,re::^MPB17-ARO",
,BDM17-ROT-1273,231,Poulet ordinaire,0,0,pièce,7.10 €,1 poulet,???,1,7.10 €,7.1 €/pièce,5,0.2,5.38 €,,,,apdc_batignolles,batignolles,apdc_batignolles,Boucherie des Moines,Rôtisserie,Découpe,Mon Boucher/Boucherie des Moines/Rôtisserie;;Mon Boucher/Boucherie des Moines/Tous,Toute l'année,,,,,Non,,,,0.000,#VALUE!,Toute l'année,Poulet ordinaire,,,"re::^CDV,re::^MPB17-ARO",
,BDM17-TRA-1127,232,Demi poulet cuit,0,0,pièce,3.90 €,1 demi poulet,1.000,1,3.90 €,3.9 €/pièce,5,0.2,2.96 €,,,,apdc_batignolles,batignolles,apdc_batignolles,Boucherie des Moines,Traiteur,,Mon Boucher/Boucherie des Moines/Traiteur;;Mon Boucher/Boucherie des Moines/Tous,Toute l'année,,,,,Non,,,,0.000,1.000,Toute l'année,Demi poulet cuit,,,"re::^CDV,re::^MPB17-ARO",
,BDM17-VOL-1251,233,Pintade cuite,0,0,kg,16.90 €,,,,0.00 €,#DIV/0!,5,0.2,0.00 €,,,,apdc_batignolles,batignolles,apdc_batignolles,Boucherie des Moines,Volaille,Pintade,Mon Boucher/Boucherie des Moines/Volaille;;Mon Boucher/Boucherie des Moines/Tous,,,,,,Non,"94 jours mini de vie, élevée en plein air",,,,0.000,Non dispo lors du relevé,Pintade cuite,"94 jours mini de vie, élevée en plein air",,"re::^CDV,re::^MPB17-ARO",
,BDM17-VOL-1054,234,Canette cuite,0,0,kg,16.90 €,,,1,0.00 €,#DIV/0!,5,0.2,0.00 €,,,,apdc_batignolles,batignolles,apdc_batignolles,Boucherie des Moines,Volaille,Canard,Mon Boucher/Boucherie des Moines/Volaille;;Mon Boucher/Boucherie des Moines/Tous,,,,,,Non,,,,0.000,0.000,Non dispo lors du relevé,Canette cuite,,,"re::^CDV,re::^MPB17-ARO",
,BDM17-VOL-1116,235,Cuisse de dinde cuite,0,0,pièce,7.50 €,,,,0.00 €,7.5 €/pièce,5,0.2,0.00 €,,,,apdc_batignolles,batignolles,apdc_batignolles,Boucherie des Moines,Volaille,Dinde,Mon Boucher/Boucherie des Moines/Volaille;;Mon Boucher/Boucherie des Moines/Tous,,,,,,Non,,,,,0.000,Non dispo lors du relevé,Cuisse de dinde cuite,,,"re::^CDV,re::^MPB17-ARO",
,BDM17-VOL-1301,236,Rôti de dinde cuit,0,0,kg,16.95 €,1 rôti de 1kg environ,1.000,1,16.95 €,16.95 €/kg,5,0.2,12.85 €,,,,apdc_batignolles,batignolles,apdc_batignolles,Boucherie des Moines,Volaille,Dinde,Mon Boucher/Boucherie des Moines/Volaille;;Mon Boucher/Boucherie des Moines/Tous,,,,,,Non,,,,0.000,1.000,Non dispo lors du relevé,Rôti de dinde cuit,,,"re::^CDV,re::^MPB17-ARO",
,BDM17-VOL-1304,237,Cuisse de poulet cuite,0,0,pièce,2.40 €,1 cuisse de 320g environ,0.320,1,2.40 €,2.4 €/pièce,5,0.2,1.82 €,cuissepouletcuite.jpg,cuissepouletcuite.jpg,cuissepouletcuite.jpg,apdc_batignolles,batignolles,apdc_batignolles,Boucherie des Moines,Volaille,Poulet,Mon Boucher/Boucherie des Moines/Volaille;;Mon Boucher/Boucherie des Moines/Tous,,,,,,Non,,,,0.000,0.320,Non dispo lors du relevé,Cuisse de poulet cuite,,,"re::^CDV,re::^MPB17-ARO",
,BDM17-ROT-1006,238,4 ailes de poulet cuit,0,0,pièce,2.40 €,4 ailes,???,4,9.60 €,2.4 €/pièce,5,0.2,7.28 €,,,,apdc_batignolles,batignolles,apdc_batignolles,Boucherie des Moines,Rôtisserie,Découpe,Mon Boucher/Boucherie des Moines/Rôtisserie;;Mon Boucher/Boucherie des Moines/Tous,Toute l'année,,,,,Non,,,,0.000,#VALUE!,Toute l'année,4 ailes de poulet cuit,,,"re::^CDV,re::^MPB17-ARO",
,BDM17-ROT-1001,239,2 Ailerons de dinde cuite,0,0,pièce,2.40 €,2 ailes,???,2,4.80 €,2.4 €/pièce,5,0.2,3.64 €,,,,apdc_batignolles,batignolles,apdc_batignolles,Boucherie des Moines,Rôtisserie,Découpe,Mon Boucher/Boucherie des Moines/Rôtisserie;;Mon Boucher/Boucherie des Moines/Tous,Toute l'année,,,,,Non,,,,0.000,#VALUE!,Toute l'année,2 Ailerons de dinde cuite,,,"re::^CDV,re::^MPB17-ARO",
,BDM17-ROT-1217,240,Manchon de dinde cuit,0,0,pièce,2.40 €,,,1,2.40 €,2.4 €/pièce,5,0.2,1.82 €,,,,apdc_batignolles,batignolles,apdc_batignolles,Boucherie des Moines,Rôtisserie,Découpe,Mon Boucher/Boucherie des Moines/Rôtisserie;;Mon Boucher/Boucherie des Moines/Tous,,,,,,Non,,,,0.000,0.000,Non dispo lors du relevé,Manchon de dinde cuit,,,"re::^CDV,re::^MPB17-ARO",
,BDM17-TRA-1262,241,Pommes de terre cuite,Activé,0,kg,6.80 €,1 portion de 200g environ,0.200,1,1.36 €,6.8 €/kg,5,0.2,1.03 €,pdtcuite.jpg,pdtcuite.jpg,pdtcuite.jpg,apdc_batignolles,batignolles,apdc_batignolles,Boucherie des Moines,Traiteur,,Mon Boucher/Boucherie des Moines/Traiteur;;Mon Boucher/Boucherie des Moines/Tous,Toute l'année,,,France,,Non,,,,0.250,0.200,Toute l'année,Pommes de terre cuite,,,"re::^CDV,re::^MPB17-ARO",
,BDM17-TRA-1328,242,Saucisse cuite,0,0,pièce,2.20 €,1 saucisse,,1,2.20 €,2.2 €/pièce,5,0.2,1.67 €,,,,apdc_batignolles,batignolles,apdc_batignolles,Boucherie des Moines,Traiteur,,Mon Boucher/Boucherie des Moines/Traiteur;;Mon Boucher/Boucherie des Moines/Tous,,,,,,Non,,,,0.000,0.000,Pas dispo tout le temps,Saucisse cuite,,,"re::^CDV,re::^MPB17-ARO",
,BDM17-ROT-1005,243,2 merguez cuites,0,0,pièce,2.20 €,2 saucisses de 80g chacune environ,0.080,2,4.40 €,2.2 €/pièce,5,0.2,3.34 €,,,,apdc_batignolles,batignolles,apdc_batignolles,Boucherie des Moines,Rôtisserie,,Mon Boucher/Boucherie des Moines/Rôtisserie;;Mon Boucher/Boucherie des Moines/Tous,,,,,,Non,Boeuf et Agneau,,,0.000,0.160,Non dispo lors du relevé,2 merguez cuites,Boeuf et Agneau,,"re::^CDV,re::^MPB17-ARO",
,BDM17-ROT-1002,244,2 chipolatas cuites,0,0,pièce,2.20 €,2 saucisses de 80g chacune environ,0.080,2,4.40 €,2.2 €/pièce,5,0.2,3.34 €,,,,apdc_batignolles,batignolles,apdc_batignolles,Boucherie des Moines,Rôtisserie,,Mon Boucher/Boucherie des Moines/Rôtisserie;;Mon Boucher/Boucherie des Moines/Tous,,,,,,Non,Boeuf et Agneau,,,0.000,0.160,Non dispo lors du relevé,2 chipolatas cuites,Boeuf et Agneau,,"re::^CDV,re::^MPB17-ARO",
,BDM17-POR-1305,245,Rôti de porc cuit,0,0,kg,22.95 €,1 rôti de 1kg environ,1.000,1,22.95 €,22.95 €/kg,5,0.2,17.40 €,,,,apdc_batignolles,batignolles,apdc_batignolles,Boucherie des Moines,Porc,,Mon Boucher/Boucherie des Moines/Porc;;Mon Boucher/Boucherie des Moines/Tous,,,,,,Non,"Les rôtis de palette proviennent du haut de l’épaule, ils sont meilleurs non désossés.",,,0.220,1.000,Non dispo lors du relevé,Rôti de porc cuit,"Les rôtis de palette proviennent du haut de l’épaule, ils sont meilleurs non désossés.",,"re::^CDV,re::^MPB17-ARO",
,BDM17-TRA-1298,246,Rôti de bœuf cuit,0,0,kg,28.95 €,1 portion,,1,0.00 €,#DIV/0!,5,0.2,0.00 €,,,,apdc_batignolles,batignolles,apdc_batignolles,Boucherie des Moines,Traiteur,,Mon Boucher/Boucherie des Moines/Traiteur;;Mon Boucher/Boucherie des Moines/Tous,Toute l'année,,,,,Non,,,,0.120,0.000,Toute l'année,Rôti de bœuf cuit,,,"re::^CDV,re::^MPB17-ARO",
,BDM17-TRA-1315,247,Rôti de veau cuit,0,0,kg,26.95 €,1 portion,,1,0.00 €,#DIV/0!,5,0.2,0.00 €,,,,apdc_batignolles,batignolles,apdc_batignolles,Boucherie des Moines,Traiteur,,Mon Boucher/Boucherie des Moines/Traiteur;;Mon Boucher/Boucherie des Moines/Tous,Toute l'année,,,,,Non,,,,0.180,0.000,Toute l'année,Rôti de veau cuit,,,"re::^CDV,re::^MPB17-ARO",
,BDM17-TRA-1302,248,Rôti de gigot cuit,0,0,kg,39.90 €,1 portion,,1,0.00 €,#DIV/0!,5,0.2,0.00 €,,,,apdc_batignolles,batignolles,apdc_batignolles,Boucherie des Moines,Traiteur,,Mon Boucher/Boucherie des Moines/Traiteur;;Mon Boucher/Boucherie des Moines/Tous,,,,,,Non,,,,0.180,0.000,Non dispo lors du relevé,Rôti de gigot cuit,,,"re::^CDV,re::^MPB17-ARO",
,BDM17-TRA-1369,249,Travers de porc cuit,0,0,kg,19.95 €,1 travers,,1,0.00 €,#DIV/0!,5,0.2,0.00 €,,,,apdc_batignolles,batignolles,apdc_batignolles,Boucherie des Moines,Traiteur,,Mon Boucher/Boucherie des Moines/Traiteur;;Mon Boucher/Boucherie des Moines/Tous,Toute l'année,,,,,Non,,,,0.220,0.000,Toute l'année,Travers de porc cuit,,,"re::^CDV,re::^MPB17-ARO",
,BDM17-TRA-1145,250,Epigramme d'agneau cuit,0,0,kg,12.90 €,,,,0.00 €,#DIV/0!,5,0.2,0.00 €,,,,apdc_batignolles,batignolles,apdc_batignolles,Boucherie des Moines,Traiteur,,Mon Boucher/Boucherie des Moines/Traiteur;;Mon Boucher/Boucherie des Moines/Tous,,,,,,Non,,,,,0.000,Non dispo lors du relevé,Epigramme d'agneau cuit,,,"re::^CDV,re::^MPB17-ARO",
,BDM17-TRA-1079,251,Cochon de lait cuit,0,0,kg,22.95 €,,,,0.00 €,#DIV/0!,5,0.2,0.00 €,,,,apdc_batignolles,batignolles,apdc_batignolles,Boucherie des Moines,Traiteur,,Mon Boucher/Boucherie des Moines/Traiteur;;Mon Boucher/Boucherie des Moines/Tous,,,,,,Non,,,,,0.000,Non dispo lors du relevé,Cochon de lait cuit,,,"re::^CDV,re::^MPB17-ARO",
,BDM17-ROT-1086,252,Coquelet cuit,0,0,pièce,6.40 €,,,1,6.40 €,6.4 €/pièce,5,0.2,4.85 €,,,,apdc_batignolles,batignolles,apdc_batignolles,Boucherie des Moines,Rôtisserie,,Mon Boucher/Boucherie des Moines/Rôtisserie;;Mon Boucher/Boucherie des Moines/Tous,,,,,,Non,,,,0.000,0.000,Non dispo lors du relevé,Coquelet cuit,,,"re::^CDV,re::^MPB17-ARO",
,BDM17-ROT-1125,253,Délice d'agneau,0,0,pièce,2.80 €,,,1,2.80 €,2.8 €/pièce,5,0.2,2.12 €,,,,apdc_batignolles,batignolles,apdc_batignolles,Boucherie des Moines,Rôtisserie,,Mon Boucher/Boucherie des Moines/Rôtisserie;;Mon Boucher/Boucherie des Moines/Tous,,,,,,Non,,,,0.000,0.000,Non dispo lors du relevé,Délice d'agneau,,,"re::^CDV,re::^MPB17-ARO",
,BDM17-VOL-1010,254,Aile de poulet cuit,0,0,pièce,0.70 €,,,,0.00 €,0.7 €/pièce,5,0.2,0.00 €,,,,apdc_batignolles,batignolles,apdc_batignolles,Boucherie des Moines,Volaille,Poulet,Mon Boucher/Boucherie des Moines/Volaille;;Mon Boucher/Boucherie des Moines/Tous,,,,,,Non,,,,,0.000,Non dispo lors du relevé,Aile de poulet cuit,,,"re::^CDV,re::^MPB17-ARO",
,BDM17-VOL-1121,255,Cuisse de poulet cuite,Activé,0,pièce,2.60 €,1 cuisse de 320g environ,0.320,1,2.60 €,2.6 €/pièce,5,0.2,1.97 €,cuissepouletcuite.jpg,cuissepouletcuite.jpg,cuissepouletcuite.jpg,apdc_batignolles,batignolles,apdc_batignolles,Boucherie des Moines,Volaille,Poulet,Mon Boucher/Boucherie des Moines/Volaille;;Mon Boucher/Boucherie des Moines/Tous,,,,France,,Non,,,,0.000,0.320,Non dispo lors du relevé,Cuisse de poulet cuite,,,"re::^CDV,re::^MPB17-ARO",
,BDM17-ROT-1074,256,Chorizo cuit,0,0,pièce,2.20 €,,,,0.00 €,2.2 €/pièce,5,0.2,0.00 €,,,,apdc_batignolles,batignolles,apdc_batignolles,Boucherie des Moines,Rôtisserie,,Mon Boucher/Boucherie des Moines/Rôtisserie;;Mon Boucher/Boucherie des Moines/Tous,,,,,,Non,,,,,0.000,Non dispo lors du relevé,Chorizo cuit,,,"re::^CDV,re::^MPB17-ARO",
,BDM17-ROT-1036,257,Boeuf cuit,0,0,kg,16.95 €,,,,0.00 €,#DIV/0!,5,0.2,0.00 €,,,,apdc_batignolles,batignolles,apdc_batignolles,Boucherie des Moines,Rôtisserie,,Mon Boucher/Boucherie des Moines/Rôtisserie;;Mon Boucher/Boucherie des Moines/Tous,,,,,,Non,,,,,0.000,Non dispo lors du relevé,Boeuf cuit,,,"re::^CDV,re::^MPB17-ARO",
,BDM17-BOE-1205,258,Langue cuite,0,0,kg,22.95 €,1 tranche de 130g environ,0.130,1,2.98 €,22.95 €/kg,5,0.2,2.26 €,,,,apdc_batignolles,batignolles,apdc_batignolles,Boucherie des Moines,Bœuf,,Mon Boucher/Boucherie des Moines/Bœuf;;Mon Boucher/Boucherie des Moines/Tous,,,,,,Non,,,,0.000,0.130,Pas dispo tout le temps,Langue cuite,,,"re::^CDV,re::^MPB17-ARO",
,BDM17-VEA-1359,259,Tête de veau cuite,0,0,kg,22.90 €,,,,0.00 €,#DIV/0!,5,0.2,0.00 €,,,,apdc_batignolles,batignolles,apdc_batignolles,Boucherie des Moines,Veau,,Mon Boucher/Boucherie des Moines/Veau;;Mon Boucher/Boucherie des Moines/Tous,,,,,,Non,,,,,0.000,Non dispo lors du relevé,Tête de veau cuite,,,"re::^CDV,re::^MPB17-ARO",
,BDM17-TRA-1076,260,Choucroute cuite,Activé,0,kg,7.90 €,1 portion de 500g environ,0.500,1,3.95 €,7.9 €/kg,5,0.2,3.00 €,choucroute.jpg,choucroute.jpg,choucroute.jpg,apdc_batignolles,batignolles,apdc_batignolles,Boucherie des Moines,Traiteur,,Mon Boucher/Boucherie des Moines/Traiteur;;Mon Boucher/Boucherie des Moines/Tous,Toute l'année,,,France,,Non,,,,0.250,0.500,Toute l'année,Choucroute cuite,,,"re::^CDV,re::^MPB17-ARO",
,BDM17-TRA-1124,261,Découpe de poulet fermier cuit,0,0,kg,13.80 €,,,1,0.00 €,#DIV/0!,5,0.2,0.00 €,,,,apdc_batignolles,batignolles,apdc_batignolles,Boucherie des Moines,Traiteur,,Mon Boucher/Boucherie des Moines/Traiteur;;Mon Boucher/Boucherie des Moines/Tous,Toute l'année,,,,,Non,,,,0.000,0.000,Toute l'année,Découpe de poulet fermier cuit,,,"re::^CDV,re::^MPB17-ARO",
,BDM17-CHA-1334,262,Saucisse Francfort Mozer x2,Activé,0,kg,18.90 €,1 paquet de 2 saucisses de 80g chacune environ,0.160,1,3.02 €,18.9 €/kg,5,0.2,2.29 €,mozer.jpg,mozer.jpg,mozer.jpg,apdc_batignolles,batignolles,apdc_batignolles,Boucherie des Moines,Charcuterie,Charcuterie crue,Mon Boucher/Boucherie des Moines/Charcuterie;;Mon Boucher/Boucherie des Moines/Tous,Toute l'année,,,France,,Non,Sans colorant,,,0.000,0.160,Toute l'année,Saucisse Francfort Mozer x2,Sans colorant,,"re::^CDV,re::^MPB17-ARO",
,BDM17-TRA-1088,263,Cordon bleu x2,Activé,0,Pièce,2.20 €,2 cordons de 120g chacun environ,0.120,2,4.40 €,2.2 €/Pièce,5,0.2,3.34 €,cordonbleu.jpg,cordonbleu.jpg,cordonbleu.jpg,apdc_batignolles,batignolles,apdc_batignolles,Boucherie des Moines,Traiteur,,Mon Boucher/Boucherie des Moines/Traiteur;;Mon Boucher/Boucherie des Moines/Tous,Toute l'année,,,France,,Non,,,,0.000,0.240,Toute l'année,Cordon bleu x2,,DAN17-VEA-115,"re::^CDV,re::^MPB17-ARO",
,BDM17-CHA-1244,264,Petit Salé Cuit,Activé,0,kg,19.95 €,1 portion de 180g environ,0.180,1,3.59 €,19.95 €/kg,5,0.2,2.72 €,petisalecuit.jpg,petisalecuit.jpg,petisalecuit.jpg,apdc_batignolles,batignolles,apdc_batignolles,Boucherie des Moines,Charcuterie,,Mon Boucher/Boucherie des Moines/Charcuterie;;Mon Boucher/Boucherie des Moines/Tous,Toute l'année,,,France,,Non,"Le petit-salé est composé de morceaux de viande de porc conservés dans le sel (palette, jambonneau ou poitrine).",,,0.000,0.180,Toute l'année,Petit Salé Cuit,"Le petit-salé est composé de morceaux de viande de porc conservés dans le sel (palette, jambonneau ou poitrine).",,"re::^CDV,re::^MPB17-ARO",
,BDM17-CHA-1237,265,Palette ibérique Bellota,0,0,kg,98.00 €,1 portion,0.100,1,9.80 €,98 €/kg,5,0.2,7.43 €,,,,apdc_batignolles,batignolles,apdc_batignolles,Boucherie des Moines,Charcuterie,,Mon Boucher/Boucherie des Moines/Charcuterie;;Mon Boucher/Boucherie des Moines/Tous,Toute l'année,Roble,,,,Non,,,,0.000,0.100,Toute l'année,Palette ibérique Bellota,,,"re::^CDV,re::^MPB17-ARO",
,BDM17-CHA-1193,266,Jambon de savoie tranchée,Activé,0,kg,29.90 €,"1 portion de 200g environ, en tranches fines",0.200,1,5.98 €,29.9 €/kg,5,0.2,4.53 €,jambon_savoie.jpg,jambon_savoie.jpg,jambon_savoie.jpg,apdc_batignolles,batignolles,apdc_batignolles,Boucherie des Moines,Charcuterie,,Mon Boucher/Boucherie des Moines/Charcuterie;;Mon Boucher/Boucherie des Moines/Tous,Toute l'année,,,France,,Non,,,,0.080,0.200,Toute l'année,Jambon de savoie tranchée,,,"re::^CDV,re::^MPB17-ARO",
,BDM17-CHA-1373,267,Ventreche,0,0,kg,29.90 €,,,1,0.00 €,#DIV/0!,5,0.2,0.00 €,,,,apdc_batignolles,batignolles,apdc_batignolles,Boucherie des Moines,Charcuterie,,Mon Boucher/Boucherie des Moines/Charcuterie;;Mon Boucher/Boucherie des Moines/Tous,,,,,,Non,"Produits d'exception. Animaux élevés en plein air, 12 mois minimum, sans OGM",,,0.000,0.000,Non dispo lors du relevé,Ventreche,"Produits d'exception. Animaux élevés en plein air, 12 mois minimum, sans OGM",,"re::^CDV,re::^MPB17-ARO",
,BDM17-TRA-1191,268,Jambon aux herbes,Activé,0,kg,22.95 €,"1 portion de 100g, en tranches fines",0.100,1,2.30 €,22.95 €/kg,5,0.2,1.74 €,jambonherbe.jpg,jambonherbe.jpg,jambonherbe.jpg,apdc_batignolles,batignolles,apdc_batignolles,Boucherie des Moines,Charcuterie,,Mon Boucher/Boucherie des Moines/Charcuterie;;Mon Boucher/Boucherie des Moines/Tous,,,,France,,Non,,,,0.100,0.100,Non dispo lors du relevé,Jambon aux herbes,,,"re::^CDV,re::^MPB17-ARO",
,BDM17-CHA-1294,269,Rosette tranchée,Activé,0,kg,39.90 €,"1 portion de 100g, en tranches fines",0.100,1,3.99 €,39.9 €/kg,5,0.2,3.03 €,BDM17-rosettetranchee.jpg,BDM17-rosettetranchee.jpg,BDM17-rosettetranchee.jpg,apdc_batignolles,batignolles,apdc_batignolles,Boucherie des Moines,Charcuterie,,Mon Boucher/Boucherie des Moines/Charcuterie;;Mon Boucher/Boucherie des Moines/Tous,Toute l'année,,,France,,Non,,,,0.080,0.100,Toute l'année,Rosette tranchée,,,"re::^CDV,re::^MPB17-ARO",
,BDM17-CHA-1242,270,Perchette,0,0,kg,29.95 €,,,,0.00 €,#DIV/0!,5,0.2,0.00 €,,,,apdc_batignolles,batignolles,apdc_batignolles,Boucherie des Moines,Charcuterie,,Mon Boucher/Boucherie des Moines/Charcuterie;;Mon Boucher/Boucherie des Moines/Tous,,,,,,Non,,,,,0.000,Non dispo lors du relevé,Perchette,,,"re::^CDV,re::^MPB17-ARO",
,BDM17-CHA-1332,271,Saucisse du chef,0,0,kg,13.95 €,,,,0.00 €,#DIV/0!,5,0.2,0.00 €,,,,apdc_batignolles,batignolles,apdc_batignolles,Boucherie des Moines,Charcuterie,,Mon Boucher/Boucherie des Moines/Charcuterie;;Mon Boucher/Boucherie des Moines/Tous,,,,,,Non,,,,,0.000,Non dispo lors du relevé,Saucisse du chef,,,"re::^CDV,re::^MPB17-ARO",
,BDM17-CHA-1069,272,Chaudin,0,0,kg,39.90 €,,,1,0.00 €,#DIV/0!,5,0.2,0.00 €,,,,apdc_batignolles,batignolles,apdc_batignolles,Boucherie des Moines,Charcuterie,,Mon Boucher/Boucherie des Moines/Charcuterie;;Mon Boucher/Boucherie des Moines/Tous,Toute l'année,,,,,Non,,,,0.000,0.000,Toute l'année,Chaudin,,,"re::^CDV,re::^MPB17-ARO",
,BDM17-TRA-1062,273,Carré savoyard x2,0,0,Pièce,3.90 €,2 carrés de 200g chacun environ,0.200,2,7.80 €,3.9 €/Pièce,5,0.2,5.91 €,,,,apdc_batignolles,batignolles,apdc_batignolles,Boucherie des Moines,Traiteur,,Mon Boucher/Boucherie des Moines/Traiteur;;Mon Boucher/Boucherie des Moines/Tous,Toute l'année,,,,,Non,,,,0.000,0.400,Toute l'année,Carré savoyard x2,,DAN17-SAU-411,"re::^CDV,re::^MPB17-ARO",
,BDM17-POR-1101,274,Côte filet de porc de Bigorre,Activé,0,kg,22.90 €,1 côte de 230g environ,0.230,1,5.27 €,22.9 €/kg,5,0.2,3.99 €,BDM17-cotefiletporcbigorre.jpg,BDM17-cotefiletporcbigorre.jpg,BDM17-cotefiletporcbigorre.jpg,apdc_batignolles,batignolles,apdc_batignolles,Boucherie des Moines,Porc,Bigorre,Mon Boucher/Boucherie des Moines/Porc;;Mon Boucher/Boucherie des Moines/Tous,Toute l'année,Noir de Bigorre,http://www.porcnoir.fr/p/Cote-dans-le-filet-de-Porc-Noir-de-Bigorre-/11/0,France,Noir de Bigorre,Non,"La côte filet est une côte bien large, sans manche, avec juste un petit os central en forme de T. Le Porc Noir de Bigorre est un porc de pure race gasconne présentant des qualités gustatives exceptionnelles.",,,0.000,0.230,Toute l'année,Côte filet de porc de Bigorre,"La côte filet est une côte bien large, sans manche, avec juste un petit os central en forme de T. Le Porc Noir de Bigorre est un porc de pure race gasconne présentant des qualités gustatives exceptionnelles.",,"re::^CDV,re::^MPB17-ARO",
,BDM17-POR-1105,274,Côte première de porc de Bigorre,Activé,0,kg,22.90 €,1 côte de 230g environ,0.230,1,5.27 €,22.9 €/kg,5,0.2,3.99 €,BDM17-cotefiletporcbigorre.jpg,BDM17-cotefiletporcbigorre.jpg,BDM17-cotefiletporcbigorre.jpg,apdc_batignolles,batignolles,apdc_batignolles,Boucherie des Moines,Porc,Bigorre,Mon Boucher/Boucherie des Moines/Porc;;Mon Boucher/Boucherie des Moines/Tous,Toute l'année,Noir de Bigorre,http://www.porcnoir.fr/p/Cote-dans-le-filet-de-Porc-Noir-de-Bigorre-/11/0,France,Noir de Bigorre,Non,"La côte première, comme la côte seconde, offre une belle noix de viande et un os à manche. Le Porc Noir de Bigorre est un porc de pure race gasconne présentant des qualités gustatives exceptionnelles.",,,0.000,0.230,Toute l'année,Côte première de porc de Bigorre,"La côte première, comme la côte seconde, offre une belle noix de viande et un os à manche. Le Porc Noir de Bigorre est un porc de pure race gasconne présentant des qualités gustatives exceptionnelles.",,"re::^CDV,re::^MPB17-ARO",
,BDM17-POR-1109,274,Côte seconde de Bigorre ,Activé,0,kg,22.90 €,1 côte de 230g environ,0.230,1,5.27 €,22.9 €/kg,5,0.2,3.99 €,BDM17-cotefiletporcbigorre.jpg,BDM17-cotefiletporcbigorre.jpg,BDM17-cotefiletporcbigorre.jpg,apdc_batignolles,batignolles,apdc_batignolles,Boucherie des Moines,Porc,Bigorre,Mon Boucher/Boucherie des Moines/Porc;;Mon Boucher/Boucherie des Moines/Tous,Toute l'année,Noir de Bigorre,http://www.porcnoir.fr/p/Cote-dans-le-filet-de-Porc-Noir-de-Bigorre-/11/0,France,Noir de Bigorre,Non,Les côtes secondes sont celles fournies par l'échine. Leur chair est plus moelleuse car largement entrelardée. Le Porc Noir de Bigorre est un porc de pure race gasconne présentant des qualités gustatives exceptionnelles.,,,0.000,0.230,Toute l'année,Côte seconde de Bigorre ,Les côtes secondes sont celles fournies par l'échine. Leur chair est plus moelleuse car largement entrelardée. Le Porc Noir de Bigorre est un porc de pure race gasconne présentant des qualités gustatives exceptionnelles.,,"re::^CDV,re::^MPB17-ARO",
,BDM17-POR-1098,275,Côte échine de Bigorre,Activé,0,kg,22.90 €,1 côte de 230g environ,0.230,1,5.27 €,22.9 €/kg,5,0.2,3.99 €,BDM17-coteechineporcbigorre.jpg,BDM17-coteechineporcbigorre.jpg,BDM17-coteechineporcbigorre.jpg,apdc_batignolles,batignolles,apdc_batignolles,Boucherie des Moines,Porc,Bigorre,Mon Boucher/Boucherie des Moines/Porc;;Mon Boucher/Boucherie des Moines/Tous,Toute l'année,Noir de Bigorre,http://www.porcnoir.fr/p/Cote-dans-l-echine-de-Porc-Noir-de-Bigorre-/10/0,France,Noir de Bigorre,Non,"L'échine est le morceau de la partie supérieure du cou. Sa viande est entrelardée, tendre et goûteuse. On peut en faire un rôti ou y couper des côtes savoureuses. Le Porc Noir de Bigorre est un porc de pure race gasconne présentant des qualités gustatives exceptionnelles.",,,0.000,0.230,Toute l'année,Côte échine de Bigorre,"L'échine est le morceau de la partie supérieure du cou. Sa viande est entrelardée, tendre et goûteuse. On peut en faire un rôti ou y couper des côtes savoureuses. Le Porc Noir de Bigorre est un porc de pure race gasconne présentant des qualités gustatives exceptionnelles.",DAN17-POR-302,"re::^CDV,re::^MPB17-ARO",
,BDM17-POR-1225,276,"Noisette dans le filet sans os, porc de Bigorre",0,0,kg,32.95 €,1 portion,0.180,1,5.93 €,32.95 €/kg,5,0.2,4.50 €,,,,apdc_batignolles,batignolles,apdc_batignolles,Boucherie des Moines,Porc,Bigorre,Mon Boucher/Boucherie des Moines/Porc;;Mon Boucher/Boucherie des Moines/Tous,Toute l'année,Noir de Bigorre,,France Bigorre,,Non,La longe (dos) fournit les rôtis les plus tendres (désossés). Le Porc Noir de Bigorre est un porc de pure race gasconne présentant des qualités gustatives exceptionnelles.,,,0.000,0.180,Toute l'année,"Noisette dans le filet sans os, porc de Bigorre",La longe (dos) fournit les rôtis les plus tendres (désossés). Le Porc Noir de Bigorre est un porc de pure race gasconne présentant des qualités gustatives exceptionnelles.,,"re::^CDV,re::^MPB17-ARO",
,BDM17-POR-1152,277,Filet mignon porc de Bigorre,0,0,kg,36.90 €,1 portion,0.500,1,18.45 €,36.9 €/kg,5,0.2,13.99 €,,,,apdc_batignolles,batignolles,apdc_batignolles,Boucherie des Moines,Porc,Bigorre,Mon Boucher/Boucherie des Moines/Porc;;Mon Boucher/Boucherie des Moines/Tous,Toute l'année,Noir de Bigorre,,France Bigorre,,Non,"Situé sous la longe (dos), c'est un muscle long et étroit. Avec son grain fin, il est très tendre. Le Porc Noir de Bigorre est un porc de pure race gasconne présentant des qualités gustatives exceptionnelles.",,,0.000,0.500,Toute l'année,Filet mignon porc de Bigorre,"Situé sous la longe (dos), c'est un muscle long et étroit. Avec son grain fin, il est très tendre. Le Porc Noir de Bigorre est un porc de pure race gasconne présentant des qualités gustatives exceptionnelles.",DAN17-POR-300,"re::^CDV,re::^MPB17-ARO",
,BDM17-POR-1111,278,Coustous (plat de côte) de Bigorre,0,0,kg,10.90 €,1 portion,0.250,1,2.73 €,10.9 €/kg,5,0.2,2.07 €,,,,apdc_batignolles,batignolles,apdc_batignolles,Boucherie des Moines,Porc,Bigorre,Mon Boucher/Boucherie des Moines/Porc;;Mon Boucher/Boucherie des Moines/Tous,Toute l'année,Noir de Bigorre,,France Bigorre,,Non,La plat de côte est constitué des 5 dernières côtes. Il est excellent cuisiné en potée. Le Porc Noir de Bigorre est un porc de pure race gasconne présentant des qualités gustatives exceptionnelles.,,,0.000,0.250,Toute l'année,Coustous (plat de côte) de Bigorre,La plat de côte est constitué des 5 dernières côtes. Il est excellent cuisiné en potée. Le Porc Noir de Bigorre est un porc de pure race gasconne présentant des qualités gustatives exceptionnelles.,,"re::^CDV,re::^MPB17-ARO",
,BDM17-POR-1284,279,Rognon de Bigorre,0,0,kg,9.90 €,1 portion,0.120,1,1.19 €,9.9 €/kg,5,0.2,0.90 €,,,,apdc_batignolles,batignolles,apdc_batignolles,Boucherie des Moines,Porc,Bigorre,Mon Boucher/Boucherie des Moines/Porc;;Mon Boucher/Boucherie des Moines/Tous,Toute l'année,Noir de Bigorre,,France Bigorre,,Non,"Les rognons sont prélevés dans l'abdomen de l'animal, ils ont un goût prononcé et une texture ferme. Le Porc Noir de Bigorre est un porc de pure race gasconne présentant des qualités gustatives exceptionnelles",,,0.000,0.120,Toute l'année,Rognon de Bigorre,"Les rognons sont prélevés dans l'abdomen de l'animal, ils ont un goût prononcé et une texture ferme. Le Porc Noir de Bigorre est un porc de pure race gasconne présentant des qualités gustatives exceptionnelles",,"re::^CDV,re::^MPB17-ARO",
,BDM17-CON-1168,280,Foie gras de canard 325g,0,0,pièce,58.00 €,1 bocal,0.325,1,58.00 €,58 €/pièce,5,0.2,43.98 €,,,,apdc_batignolles,batignolles,apdc_batignolles,Boucherie des Moines,Conserve,Foie Gras,Mon Boucher/Boucherie des Moines/Conserve;;Mon Boucher/Boucherie des Moines/Tous,,,,,,Non,,,,,0.325,Non dispo lors du relevé,Foie gras de canard 325g,,,"re::^CDV,re::^MPB17-ARO",
,BDM17-CON-1167,281,Foie gras de canard 195g,0,0,pièce,36.00 €,1 bocal,0.195,1,36.00 €,36 €/pièce,5,0.2,27.30 €,,,,apdc_batignolles,batignolles,apdc_batignolles,Boucherie des Moines,Conserve,Foie Gras,Mon Boucher/Boucherie des Moines/Conserve;;Mon Boucher/Boucherie des Moines/Tous,,,,,,Non,,,,,0.195,Non dispo lors du relevé,Foie gras de canard 195g,,,"re::^CDV,re::^MPB17-ARO",
,BDM17-CON-1166,282,Foie gras de canard 100g,0,0,pièce,26.00 €,1 bocal,0.100,1,26.00 €,26 €/pièce,5,0.2,19.72 €,,,,apdc_batignolles,batignolles,apdc_batignolles,Boucherie des Moines,Conserve,Foie Gras,Mon Boucher/Boucherie des Moines/Conserve;;Mon Boucher/Boucherie des Moines/Tous,,,,,,Non,,,,,0.100,Non dispo lors du relevé,Foie gras de canard 100g,,,"re::^CDV,re::^MPB17-ARO",
,BDM17-CON-1033,283,Bloc de foie gras de canard 40g,0,0,pièce,6.00 €,1 bocal,0.040,1,6.00 €,6 €/pièce,5,0.2,4.55 €,,,,apdc_batignolles,batignolles,apdc_batignolles,Boucherie des Moines,Conserve,Foie Gras,Mon Boucher/Boucherie des Moines/Conserve;;Mon Boucher/Boucherie des Moines/Tous,,,,,,Non,,,,,0.040,Non dispo lors du relevé,Bloc de foie gras de canard 40g,,,"re::^CDV,re::^MPB17-ARO",
,BDM17-CON-1034,284,Bocal de Graisse d'oie,Activé,0,pièce,5.80 €,1 bocal de 320g,0.320,1,5.80 €,5.8 €/pièce,5,0.2,4.40 €,BDM17-graisseoie.jpg,BDM17-graisseoie.jpg,BDM17-graisseoie.jpg,apdc_batignolles,batignolles,apdc_batignolles,Boucherie des Moines,Conserve,Graisse,Mon Boucher/Boucherie des Moines/Conserve;;Mon Boucher/Boucherie des Moines/Tous,Toute l'année,Castaing,,France,,Non,,,,0.320,0.320,Toute l'année,Bocal de Graisse d'oie,,,"re::^CDV,re::^MPB17-ARO",
,BDM17-CON-1183,284,Graisse de canard,0,0,kg,5.80 €,,,1,0.00 €,#DIV/0!,5,0.2,0.00 €,,,,apdc_batignolles,batignolles,apdc_batignolles,Boucherie des Moines,Conserve,Graisse,Mon Boucher/Boucherie des Moines/Conserve;;Mon Boucher/Boucherie des Moines/Tous,Toute l'année,,,,,Non,,,,0.320,0.000,Toute l'année,Graisse de canard,,,"re::^CDV,re::^MPB17-ARO",
,BDM17-CON-1374,284,Graisse d'oie,0,0,kg,5.80 €,,,1,0.00 €,#DIV/0!,5,0.2,0.00 €,,,,apdc_batignolles,batignolles,apdc_batignolles,Boucherie des Moines,Conserve,Graisse,Mon Boucher/Boucherie des Moines/Conserve;;Mon Boucher/Boucherie des Moines/Tous,Toute l'année,,,,,Non,,,,0.320,0.000,Toute l'année,Graisse d'oie,,,"re::^CDV,re::^MPB17-ARO",
,BDM17-VOL-1003,285,2 Cuisses de canard confites,0,0,pièce,14.20 €,,,,0.00 €,14.2 €/pièce,5,0.2,0.00 €,,,,apdc_batignolles,batignolles,apdc_batignolles,Boucherie des Moines,Volaille,Canard,Mon Boucher/Boucherie des Moines/Volaille;;Mon Boucher/Boucherie des Moines/Tous,,,,,,Non,,,,,0.000,Non dispo lors du relevé,2 Cuisses de canard confites,,,"re::^CDV,re::^MPB17-ARO",
,BDM17-CON-1078,286,Chutney de figues,0,0,pièce,4.90 €,,,,0.00 €,4.9 €/pièce,5,0.2,0.00 €,,,,apdc_batignolles,batignolles,apdc_batignolles,Boucherie des Moines,Conserve,,Mon Boucher/Boucherie des Moines/Conserve;;Mon Boucher/Boucherie des Moines/Tous,,,,,,Non,,,,,0.000,Non dispo lors du relevé,Chutney de figues,,,"re::^CDV,re::^MPB17-ARO",
,BDM17-CON-1083,287,Confiture d'oignons,0,0,pièce,4.90 €,,,,0.00 €,4.9 €/pièce,5,0.2,0.00 €,,,,apdc_batignolles,batignolles,apdc_batignolles,Boucherie des Moines,Conserve,,Mon Boucher/Boucherie des Moines/Conserve;;Mon Boucher/Boucherie des Moines/Tous,,,,,,Non,,,,,0.000,Non dispo lors du relevé,Confiture d'oignons,,,"re::^CDV,re::^MPB17-ARO",
,BDM17-VOL-1113,288,Cuisse canard par 1P,0,0,kg,22.95 €,,,,0.00 €,#DIV/0!,5,0.2,0.00 €,,,,apdc_batignolles,batignolles,apdc_batignolles,Boucherie des Moines,Volaille,Canard,Mon Boucher/Boucherie des Moines/Volaille;;Mon Boucher/Boucherie des Moines/Tous,,,,,,Non,,,,,0.000,Non dispo lors du relevé,Cuisse canard par 1P,,,"re::^CDV,re::^MPB17-ARO",
,BDM17-VOL-1214,289,Magret de Canard fumé tranché,0,0,pièce,5.20 €,,,1,5.20 €,5.2 €/pièce,5,0.2,3.94 €,,,,apdc_batignolles,batignolles,apdc_batignolles,Boucherie des Moines,Volaille,Canard,Mon Boucher/Boucherie des Moines/Volaille;;Mon Boucher/Boucherie des Moines/Tous,,,,,,Non,Produit frais issu de canard à foie gras du Périgord,,,0.000,0.000,Non dispo lors du relevé,Magret de Canard fumé tranché,Produit frais issu de canard à foie gras du Périgord,,"re::^CDV,re::^MPB17-ARO",
,BDM17-CON-1169,290,Foie gras de canard coupé,0,0,kg,149.00 €,,,,0.00 €,#DIV/0!,5,0.2,0.00 €,,,,apdc_batignolles,batignolles,apdc_batignolles,Boucherie des Moines,Conserve,Foie Gras,Mon Boucher/Boucherie des Moines/Conserve;;Mon Boucher/Boucherie des Moines/Tous,,,,,,Non,,,,,0.000,Non dispo lors du relevé,Foie gras de canard coupé,,,"re::^CDV,re::^MPB17-ARO",
,BDM17-CON-1162,291,Foie gras d'oie coupé,0,0,kg,169.90 €,,,,0.00 €,#DIV/0!,5,0.2,0.00 €,,,,apdc_batignolles,batignolles,apdc_batignolles,Boucherie des Moines,Conserve,Foie Gras,Mon Boucher/Boucherie des Moines/Conserve;;Mon Boucher/Boucherie des Moines/Tous,,,,,,Non,,,,,0.000,Non dispo lors du relevé,Foie gras d'oie coupé,,,"re::^CDV,re::^MPB17-ARO",
,BDM17-CHA-1196,292,Jambon sec Noir de Bigorre,Activé,0,kg,140.00 €,"1 portion de 100g, en fines tranches",0.100,1,14.00 €,140 €/kg,5,0.2,10.62 €,BDM17-jambonnoirdebigorre.jpg,BDM17-jambonnoirdebigorre.jpg,BDM17-jambonnoirdebigorre.jpg,apdc_batignolles,batignolles,apdc_batignolles,Boucherie des Moines,Charcuterie,,Mon Boucher/Boucherie des Moines/Charcuterie;;Mon Boucher/Boucherie des Moines/Tous,Toute l'année,Noir de Bigorre,,France,,Non,"Produits d'exception. Animaux élevés en plein air, 12 mois minimum, sans OGM",,,0.100,0.100,Toute l'année,Jambon sec Noir de Bigorre,"Produits d'exception. Animaux élevés en plein air, 12 mois minimum, sans OGM",,"re::^CDV,re::^MPB17-ARO",
,BDM17-CHA-1194,293,Jambon ibérique bellota,0,0,kg,198.00 €,"1 portion de 100g, en fines tranches",0.100,1,19.80 €,198 €/kg,5,0.2,15.01 €,,,,apdc_batignolles,batignolles,apdc_batignolles,Boucherie des Moines,Charcuterie,,Mon Boucher/Boucherie des Moines/Charcuterie;;Mon Boucher/Boucherie des Moines/Tous,,,,,,Non,,,,,0.100,Non dispo lors du relevé,Jambon ibérique bellota,,,"re::^CDV,re::^MPB17-ARO",
,BDM17-CHA-1212,294,Lomo ibérique,Activé,0,kg,150.00 €,"1 portion de 100g, en fines tranches",0.100,1,15.00 €,150 €/kg,5,0.2,11.37 €,BDM17-lomoiberique.jpg,BDM17-lomoiberique.jpg,BDM17-lomoiberique.jpg,apdc_batignolles,batignolles,apdc_batignolles,Boucherie des Moines,Charcuterie,,Mon Boucher/Boucherie des Moines/Charcuterie;;Mon Boucher/Boucherie des Moines/Tous,Toute l'année,Roble,,Espagne,,Non,,,,0.000,0.100,Toute l'année,Lomo ibérique,,,"re::^CDV,re::^MPB17-ARO",
,BDM17-CHA-1075,295,Chorizo ibérique,0,0,kg,60.00 €,1 portion,0.100,1,6.00 €,60 €/kg,5,0.2,4.55 €,,,,apdc_batignolles,batignolles,apdc_batignolles,Boucherie des Moines,Charcuterie,,Mon Boucher/Boucherie des Moines/Charcuterie;;Mon Boucher/Boucherie des Moines/Tous,Toute l'année,Roble,,,,Non,,,,0.000,0.100,Toute l'année,Chorizo ibérique,,,"re::^CDV,re::^MPB17-ARO",
,BDM17-CHA-1157,295,Chorizo à trancher Noir de Bigorre,Activé,0,kg,60.00 €,1 portion de 100g,0.100,1,6.00 €,60 €/kg,5,0.2,4.55 €,BDM17-chorizonoirdebigorre.jpg,BDM17-chorizonoirdebigorre.jpg,BDM17-chorizonoirdebigorre.jpg,apdc_batignolles,batignolles,apdc_batignolles,Boucherie des Moines,Charcuterie,,Mon Boucher/Boucherie des Moines/Charcuterie;;Mon Boucher/Boucherie des Moines/Tous,Toute l'année,,,France Bigorre,Noir de Bigorre,Non,,,,0.000,0.100,Toute l'année,Chorizo à trancher Noir de Bigorre,,,"re::^CDV,re::^MPB17-ARO",
,BDM17-CHA-1374,296,Ventreche Bigore,0,0,kg,39.90 €,,,1,0.00 €,#DIV/0!,5,0.2,0.00 €,,,,apdc_batignolles,batignolles,apdc_batignolles,Boucherie des Moines,Charcuterie,,Mon Boucher/Boucherie des Moines/Charcuterie;;Mon Boucher/Boucherie des Moines/Tous,,,,,,Non,"Produits d'exception. Animaux élevés en plein air, 12 mois minimum, sans OGM",,,0.000,0.000,Non dispo lors du relevé,Ventreche Bigore,"Produits d'exception. Animaux élevés en plein air, 12 mois minimum, sans OGM",,"re::^CDV,re::^MPB17-ARO",
,BDM17-CHA-1084,297,Coppa ,Activé,0,kg,49.90 €,"1 portion de 100g, en fines tranches",0.100,1,4.99 €,49.9 €/kg,5,0.2,3.78 €,BDM17-coppa.jpg,BDM17-coppa.jpg,BDM17-coppa.jpg,apdc_batignolles,batignolles,apdc_batignolles,Boucherie des Moines,Charcuterie,,Mon Boucher/Boucherie des Moines/Charcuterie;;Mon Boucher/Boucherie des Moines/Tous,,,,France,,Non,"Le lonzu se fabrique à partir des filets de porc, la 
coppa à partir du faux-filet. Mais les
 deux fabrications sont identiques. .Produits d'exception. Animaux élevés en plein air, 12 mois minimum, sans OGM",,,0.000,0.100,Non dispo lors du relevé,Coppa ,"Le lonzu se fabrique à partir des filets de porc, la 
coppa à partir du faux-filet. Mais les
 deux fabrications sont identiques. .Produits d'exception. Animaux élevés en plein air, 12 mois minimum, sans OGM",,"re::^CDV,re::^MPB17-ARO",
,BDM17-CHA-1085,297,Lonzu,Activé,0,kg,49.90 €,"1 portion de 100g, en fines tranches",0.100,1,4.99 €,49.9 €/kg,5,0.2,3.78 €,BDM17-lonzu.jpg,BDM17-lonzu.jpg,BDM17-lonzu.jpg,apdc_batignolles,batignolles,apdc_batignolles,Boucherie des Moines,Charcuterie,,Mon Boucher/Boucherie des Moines/Charcuterie;;Mon Boucher/Boucherie des Moines/Tous,,,,France,Blonde d'Aquitaine ou Limousine,Non,"Le lonzu se fabrique à partir des filets de porc, la 
coppa à partir du faux-filet. Mais les
 deux fabrications sont identiques. .Produits d'exception. Animaux élevés en plein air, 12 mois minimum, sans OGM",,,0.000,0.100,Non dispo lors du relevé,Lonzu,"Le lonzu se fabrique à partir des filets de porc, la 
coppa à partir du faux-filet. Mais les
 deux fabrications sont identiques. .Produits d'exception. Animaux élevés en plein air, 12 mois minimum, sans OGM",,"re::^CDV,re::^MPB17-ARO",
,BDM17-CHA-1377,298,Viande des grisons tranchée,Activé,0,kg,82.00 €,"1 portion de 100g, en fines tranches",0.100,1,8.20 €,82 €/kg,5,0.2,6.22 €,BDM17-viandegrison.jpg,BDM17-viandegrison.jpg,BDM17-viandegrison.jpg,apdc_batignolles,batignolles,apdc_batignolles,Boucherie des Moines,Charcuterie,,Mon Boucher/Boucherie des Moines/Charcuterie;;Mon Boucher/Boucherie des Moines/Tous,Toute l'année,,,France,,Non,"La viande des Grisons est une préparation suisse de viande de bœuf, spécialité du canton des Grisons. Elle est faite à partir de viande de bœuf séchée à laquelle on a ajouté du sel, des herbes des Alpes et des épices.",,,0.080,0.100,Toute l'année,Viande des grisons tranchée,"La viande des Grisons est une préparation suisse de viande de bœuf, spécialité du canton des Grisons. Elle est faite à partir de viande de bœuf séchée à laquelle on a ajouté du sel, des herbes des Alpes et des épices.",,"re::^CDV,re::^MPB17-ARO",
,BDM17-TRA-1012,299,Andouille de Guéménée,0,0,kg,42.90 €,1 portion,,1,0.00 €,#DIV/0!,5,0.2,0.00 €,,,,apdc_batignolles,batignolles,apdc_batignolles,Boucherie des Moines,Traiteur,,Mon Boucher/Boucherie des Moines/Traiteur;;Mon Boucher/Boucherie des Moines/Tous,Toute l'année,,,,,Non,,,,0.080,0.000,Toute l'année,Andouille de Guéménée,,,"re::^CDV,re::^MPB17-ARO",
,BDM17-CON-1163,300,Foie gras d'oie du gers 180gr,0,0,pièce,35.80 €,1 foie de 180g environ,0.180,1,35.80 €,35.8 €/pièce,5,0.2,27.15 €,,,,apdc_batignolles,batignolles,apdc_batignolles,Boucherie des Moines,Conserve,Foie Gras,Mon Boucher/Boucherie des Moines/Conserve;;Mon Boucher/Boucherie des Moines/Tous,,,,,,Non,,,,,0.180,Non dispo lors du relevé,Foie gras d'oie du gers 180gr,,,"re::^CDV,re::^MPB17-ARO",
,BDM17-CON-1158,301,Foie gras canard du gers 180gr,0,0,pièce,23.40 €,1 foie de 180g environ,0.180,1,23.40 €,23.4 €/pièce,5,0.2,17.74 €,,,,apdc_batignolles,batignolles,apdc_batignolles,Boucherie des Moines,Conserve,Foie Gras,Mon Boucher/Boucherie des Moines/Conserve;;Mon Boucher/Boucherie des Moines/Tous,,,,,,Non,,,,,0.180,Non dispo lors du relevé,Foie gras canard du gers 180gr,,,"re::^CDV,re::^MPB17-ARO",
,BDM17-CON-1157,302,Foie gras canard du gers 130gr,0,0,pièce,18.40 €,1 foie de 130g environ,0.130,1,18.40 €,18.4 €/pièce,5,0.2,13.95 €,,,,apdc_batignolles,batignolles,apdc_batignolles,Boucherie des Moines,Conserve,Foie Gras,Mon Boucher/Boucherie des Moines/Conserve;;Mon Boucher/Boucherie des Moines/Tous,,,,,,Non,,,,,0.130,Non dispo lors du relevé,Foie gras canard du gers 130gr,,,"re::^CDV,re::^MPB17-ARO",
,BDM17-CON-1159,303,Foie gras canard du gers 180gr,0,0,pièce,24.00 €,1 foie de 180g environ,0.180,1,24.00 €,24 €/pièce,5,0.2,18.20 €,,,,apdc_batignolles,batignolles,apdc_batignolles,Boucherie des Moines,Conserve,Foie Gras,Mon Boucher/Boucherie des Moines/Conserve;;Mon Boucher/Boucherie des Moines/Tous,,,,,,Non,,,,,0.180,Non dispo lors du relevé,Foie gras canard du gers 180gr,,,"re::^CDV,re::^MPB17-ARO",
,BDM17-CON-1160,304,Foie gras canard du gers 310gr,0,0,pièce,38.00 €,,0.310,1,38.00 €,38 €/pièce,5,0.2,28.82 €,,,,apdc_batignolles,batignolles,apdc_batignolles,Boucherie des Moines,Conserve,Foie Gras,Mon Boucher/Boucherie des Moines/Conserve;;Mon Boucher/Boucherie des Moines/Tous,,,,,,Non,,,,,0.310,Non dispo lors du relevé,Foie gras canard du gers 310gr,,,"re::^CDV,re::^MPB17-ARO",
,BDM17-TRA-1339,305,Saucisson à l'ail,0,0,kg,19.90 €,1 portion,0.080,1,1.59 €,19.9 €/kg,5,0.2,1.21 €,,,,apdc_batignolles,batignolles,apdc_batignolles,Boucherie des Moines,Traiteur,,Mon Boucher/Boucherie des Moines/Traiteur;;Mon Boucher/Boucherie des Moines/Tous,Toute l'année,,,,,Non,,,,0.080,0.080,Toute l'année,Saucisson à l'ail,,,"re::^CDV,re::^MPB17-ARO",
,BDM17-TRA-1197,306,Jambon supérieur Prince  de Paris tranché,Activé,0,kg,27.90 €,"1 portion de 200g environ, en tranches fines
",0.200,1,5.58 €,27.9 €/kg,5,0.2,4.23 €,jambonprince.jpg,jambonprince.jpg,jambonprince.jpg,apdc_batignolles,batignolles,apdc_batignolles,Boucherie des Moines,Charcuterie,,Mon Boucher/Boucherie des Moines/Charcuterie;;Mon Boucher/Boucherie des Moines/Tous,Toute l'année,Prince de Paris,,France,Local,Non,,,,0.100,0.200,Toute l'année,Jambon supérieur Prince  de Paris tranché,,,"re::^CDV,re::^MPB17-ARO",
,BDM17-TRA-1353,350,Terrine de campagne,Activé,0,kg,19.90 €,1 portion de 150g environ,0.150,1,2.99 €,19.9 €/kg,5,0.2,2.26 €,terrinecampagne.jpg,terrinecampagne.jpg,terrinecampagne.jpg,apdc_batignolles,batignolles,apdc_batignolles,Boucherie des Moines,Charcuterie,,Mon Boucher/Boucherie des Moines/Charcuterie;;Mon Boucher/Boucherie des Moines/Tous,Toute l'année,,,France,,Non,,,,0.080,0.150,Toute l'année,Terrine de campagne,,,"re::^CDV,re::^MPB17-ARO",
,BDM17-TRA-1355,351,Terrine de lapin,Activé,0,kg,29.90 €,1 portion de 150g environ,0.150,1,4.49 €,29.9 €/kg,5,0.2,3.40 €,terrinelapin.jpg,terrinelapin.jpg,terrinelapin.jpg,apdc_batignolles,batignolles,apdc_batignolles,Boucherie des Moines,Charcuterie,,Mon Boucher/Boucherie des Moines/Charcuterie;;Mon Boucher/Boucherie des Moines/Tous,Toute l'année,,,France,,Non,,,,0.080,0.150,Toute l'année,Terrine de lapin,,,"re::^CDV,re::^MPB17-ARO",
,BDM17-TRA-1354,352,Terrine de canard au foie gras,0,0,kg,36.90 €,1 portion,0.080,1,2.95 €,36.9 €/kg,5,0.2,2.24 €,,,,apdc_batignolles,batignolles,apdc_batignolles,Boucherie des Moines,Traiteur,,Mon Boucher/Boucherie des Moines/Traiteur;;Mon Boucher/Boucherie des Moines/Tous,Toute l'année,,,,,Non,,,,0.080,0.080,Toute l'année,Terrine de canard au foie gras,,,"re::^CDV,re::^MPB17-ARO",
,BDM17-TRA-1239,353,Pâté en croute,0,0,kg,27.50 €,,,1,0.00 €,#DIV/0!,5,0.2,0.00 €,,,,apdc_batignolles,batignolles,apdc_batignolles,Boucherie des Moines,Traiteur,,Mon Boucher/Boucherie des Moines/Traiteur;;Mon Boucher/Boucherie des Moines/Tous,Toute l'année,,,,,Non,,,,0.000,0.000,Toute l'année,Pâté en croute,,,"re::^CDV,re::^MPB17-ARO",
,BDM17-TRA-1280,355,Rillette d'oie,Activé,0,kg,27.90 €,1 portion de 150g environ,0.150,1,4.19 €,27.9 €/kg,5,0.2,3.17 €,rilletteoie.jpg,rilletteoie.jpg,rilletteoie.jpg,apdc_batignolles,batignolles,apdc_batignolles,Boucherie des Moines,Charcuterie,,Mon Boucher/Boucherie des Moines/Charcuterie;;Mon Boucher/Boucherie des Moines/Tous,Toute l'année,,,France,,Non,,,,0.080,0.150,Toute l'année,Rillette d'oie,,,"re::^CDV,re::^MPB17-ARO",
,BDM17-TRA-1281,356,Rillette de canard,Activé,0,kg,29.90 €,1 portion de 150g environ,0.150,1,4.49 €,29.9 €/kg,5,0.2,3.40 €,rilletteoie.jpg,rilletteoie.jpg,rilletteoie.jpg,apdc_batignolles,batignolles,apdc_batignolles,Boucherie des Moines,Charcuterie,,Mon Boucher/Boucherie des Moines/Charcuterie;;Mon Boucher/Boucherie des Moines/Tous,Toute l'année,,,France,,Non,,,,0.080,0.150,Toute l'année,Rillette de canard,,,"re::^CDV,re::^MPB17-ARO",
,BDM17-TRA-1223,358,Museau de porc vinaigrette,0,0,kg,16.90 €,1 portion,0.120,1,2.03 €,16.9 €/kg,5,0.2,1.54 €,,,,apdc_batignolles,batignolles,apdc_batignolles,Boucherie des Moines,Traiteur,,Mon Boucher/Boucherie des Moines/Traiteur;;Mon Boucher/Boucherie des Moines/Tous,Toute l'année,,,,,Non,,,,0.120,0.120,Toute l'année,Museau de porc vinaigrette,,,"re::^CDV,re::^MPB17-ARO",
,BDM17-TRA-1371,358,Museau de porc nature,0,0,kg,14.90 €,1 portion,0.120,1,1.79 €,14.9 €/kg,5,0.2,1.36 €,,,,apdc_batignolles,batignolles,apdc_batignolles,Boucherie des Moines,Traiteur,,Mon Boucher/Boucherie des Moines/Traiteur;;Mon Boucher/Boucherie des Moines/Tous,Toute l'année,,,,,Non,,,,0.120,0.120,Toute l'année,Museau de porc nature,,,"re::^CDV,re::^MPB17-ARO",
,BDM17-CHA-1198,362,Jambonneau,Activé,0,kg,22.90 €,1 portion de 180g environ,0.180,1,4.12 €,22.9 €/kg,5,0.2,3.13 €,jambonneau.jpg,jambonneau.jpg,jambonneau.jpg,apdc_batignolles,batignolles,apdc_batignolles,Boucherie des Moines,Charcuterie,,Mon Boucher/Boucherie des Moines/Charcuterie;;Mon Boucher/Boucherie des Moines/Tous,Toute l'année,,,France,,Non,"Le jambonneau est considéré comme le morceau le plus savoureux du jambon. Dans la gastronomie, on apprécie particulièrement sa viande tendre et juteuse.",,,0.000,0.180,Toute l'année,Jambonneau,"Le jambonneau est considéré comme le morceau le plus savoureux du jambon. Dans la gastronomie, on apprécie particulièrement sa viande tendre et juteuse.",,"re::^CDV,re::^MPB17-ARO",
,BDM17-TRA-1222,366,Mousse de canard,Activé,0,kg,22.90 €,1 portion de 300g environ,0.300,1,6.87 €,22.9 €/kg,5,0.2,5.21 €,moussecanard.jpg,moussecanard.jpg,moussecanard.jpg,apdc_batignolles,batignolles,apdc_batignolles,Boucherie des Moines,Traiteur,,Mon Boucher/Boucherie des Moines/Traiteur;;Mon Boucher/Boucherie des Moines/Tous,Toute l'année,,,France,,Non,,,,0.080,0.300,Toute l'année,Mousse de canard,,,"re::^CDV,re::^MPB17-ARO",
,BDM17-TRA-1357,368,Terrine de sanglier,Activé,0,kg,29.90 €,1 portion de 150g environ,0.150,1,4.49 €,29.9 €/kg,5,0.2,3.40 €,terrinesanglier.jpg,terrinesanglier.jpg,terrinesanglier.jpg,apdc_batignolles,batignolles,apdc_batignolles,Boucherie des Moines,Charcuterie,,Mon Boucher/Boucherie des Moines/Charcuterie;;Mon Boucher/Boucherie des Moines/Tous,Toute l'année,,,France,,Non,,,,0.080,0.150,Toute l'année,Terrine de sanglier,,,"re::^CDV,re::^MPB17-ARO",
,BDM17-TRA-1175,370,Fromage de tête,0,0,kg,23.90 €,,,1,0.00 €,#DIV/0!,5,0.2,0.00 €,,,,apdc_batignolles,batignolles,apdc_batignolles,Boucherie des Moines,Traiteur,,Mon Boucher/Boucherie des Moines/Traiteur;;Mon Boucher/Boucherie des Moines/Tous,Toute l'année,,,,,Non,,,,0.000,0.000,Toute l'année,Fromage de tête,,,"re::^CDV,re::^MPB17-ARO",
,BDM17-TRA-1038,374,Bouchée à la Reine,0,0,kg,4.80 €,,,1,0.00 €,#DIV/0!,5,0.2,0.00 €,,,,apdc_batignolles,batignolles,apdc_batignolles,Boucherie des Moines,Traiteur,,Mon Boucher/Boucherie des Moines/Traiteur;;Mon Boucher/Boucherie des Moines/Tous,Toute l'année,,,,,Non,,,,0.000,0.000,Toute l'année,Bouchée à la Reine,,,"re::^CDV,re::^MPB17-ARO",
,BDM17-TRA-1231,379,Oeuf en gelée,0,0,pièce,2.80 €,,,1,2.80 €,2.8 €/pièce,5,0.2,2.12 €,,,,apdc_batignolles,batignolles,apdc_batignolles,Boucherie des Moines,Traiteur,,Mon Boucher/Boucherie des Moines/Traiteur;;Mon Boucher/Boucherie des Moines/Tous,Toute l'année,,,,,Non,,,,0.000,0.000,Toute l'année,Oeuf en gelée,,,"re::^CDV,re::^MPB17-ARO",
,BDM17-TRA-1349,384,Taboulé,Activé,0,kg,14.90 €,1 portion de 250g environ,0.250,1,3.73 €,14.9 €/kg,5,0.2,2.82 €,taboule.jpg,taboule.jpg,taboule.jpg,apdc_batignolles,batignolles,apdc_batignolles,Boucherie des Moines,Traiteur,,Mon Boucher/Boucherie des Moines/Traiteur;;Mon Boucher/Boucherie des Moines/Tous,Toute l'année,,,France,,Non,,,,0.120,0.250,Toute l'année,Taboulé,,,"re::^CDV,re::^MPB17-ARO",
,BDM17-TRA-1063,385,Céleri Rémoulade,0,0,kg,15.90 €,1 portion de 250g environ,0.250,1,3.98 €,15.9 €/kg,5,0.2,3.01 €,,,,apdc_batignolles,batignolles,apdc_batignolles,Boucherie des Moines,Traiteur,,Mon Boucher/Boucherie des Moines/Traiteur;;Mon Boucher/Boucherie des Moines/Tous,Toute l'année,,,,,Non,,,,0.120,0.250,Toute l'année,Céleri Rémoulade,,,"re::^CDV,re::^MPB17-ARO",
,BDM17-TRA-1057,386,Carottes Rapées,Activé,0,kg,12.00 €,1 portion de 250g environ,0.250,1,3.00 €,12 €/kg,5,0.2,2.27 €,carottesrapees.jpg,carottesrapees.jpg,carottesrapees.jpg,apdc_batignolles,batignolles,apdc_batignolles,Boucherie des Moines,Traiteur,,Mon Boucher/Boucherie des Moines/Traiteur;;Mon Boucher/Boucherie des Moines/Tous,Toute l'année,,,France,,Non,,,,0.120,0.250,Toute l'année,Carottes Rapées,,,"re::^CDV,re::^MPB17-ARO",
,BDM17-TRA-1017,387,Salade de betteraves rouges,Activé,0,kg,12.00 €,1 portion de 500g environ,0.500,1,6.00 €,12 €/kg,5,0.2,4.55 €,saladebetterave.jpg,saladebetterave.jpg,saladebetterave.jpg,apdc_batignolles,batignolles,apdc_batignolles,Boucherie des Moines,Traiteur,,Mon Boucher/Boucherie des Moines/Traiteur;;Mon Boucher/Boucherie des Moines/Tous,Toute l'année,,,France,,Non,,,,0.120,0.500,Toute l'année,Salade de betteraves rouges,,,"re::^CDV,re::^MPB17-ARO",
,BDM17-TRA-1324,389,Salade Piémontaise,0,0,kg,15.90 €,1 portion de 500g environ,0.500,1,7.95 €,15.9 €/kg,5,0.2,6.03 €,,,,apdc_batignolles,batignolles,apdc_batignolles,Boucherie des Moines,Traiteur,,Mon Boucher/Boucherie des Moines/Traiteur;;Mon Boucher/Boucherie des Moines/Tous,Toute l'année,,,,,Non,,,,0.120,0.500,Toute l'année,Salade Piémontaise,,,"re::^CDV,re::^MPB17-ARO",
,BDM17-TRA-1068,391,Champignons à la grecque,0,0,kg,19.90 €,1 portion de 500g environ,0.500,1,9.95 €,19.9 €/kg,5,0.2,7.55 €,,,,apdc_batignolles,batignolles,apdc_batignolles,Boucherie des Moines,Traiteur,,Mon Boucher/Boucherie des Moines/Traiteur;;Mon Boucher/Boucherie des Moines/Tous,Toute l'année,,,,,Non,,,,0.120,0.500,Toute l'année,Champignons à la grecque,,,"re::^CDV,re::^MPB17-ARO",
,BDM17-TRA-1077,392,Choux rouge,Activé,0,kg,13.00 €,1 portion de 500g environ,0.500,1,6.50 €,13 €/kg,5,0.2,4.93 €,chourouge.jpg,chourouge.jpg,chourouge.jpg,apdc_batignolles,batignolles,apdc_batignolles,Boucherie des Moines,Traiteur,,Mon Boucher/Boucherie des Moines/Traiteur;;Mon Boucher/Boucherie des Moines/Tous,Toute l'année,,,France,,Non,,,,0.120,0.500,Toute l'année,Choux rouge,,,"re::^CDV,re::^MPB17-ARO",
,BDM17-TRA-1261,430,Pomme de terre dauphines artisanales,Activé,0,kg,20.90 €,1 portion de 200g environ,0.200,1,4.18 €,20.9 €/kg,5,0.2,3.17 €,pommedauphine.jpg,pommedauphine.jpg,pommedauphine.jpg,apdc_batignolles,batignolles,apdc_batignolles,Boucherie des Moines,Traiteur,,Mon Boucher/Boucherie des Moines/Traiteur;;Mon Boucher/Boucherie des Moines/Tous,Toute l'année,,,France,,Non,,,,0.180,0.200,Toute l'année,Pomme de terre dauphines artisanales,,,"re::^CDV,re::^MPB17-ARO",
,BDM17-TRA-1360,433,Tian aux légumes,0,0,kg,20.90 €,1 portion,,1,0.00 €,#DIV/0!,5,0.2,0.00 €,,,,apdc_batignolles,batignolles,apdc_batignolles,Boucherie des Moines,Traiteur,,Mon Boucher/Boucherie des Moines/Traiteur;;Mon Boucher/Boucherie des Moines/Tous,Toute l'année,,,,,Non,,,,0.220,0.000,Toute l'année,Tian aux légumes,,,"re::^CDV,re::^MPB17-ARO",
,BDM17-TRA-1186,437,Gratin dauphinois,Activé,0,kg,18.90 €,1 portion de 200g environ,0.200,1,3.78 €,18.9 €/kg,5,0.2,2.87 €,gratindauphinois.jpg,gratindauphinois.jpg,gratindauphinois.jpg,apdc_batignolles,batignolles,apdc_batignolles,Boucherie des Moines,Traiteur,,Mon Boucher/Boucherie des Moines/Traiteur;;Mon Boucher/Boucherie des Moines/Tous,Toute l'année,,,France,,Non,,,,0.250,0.200,Toute l'année,Gratin dauphinois,,,"re::^CDV,re::^MPB17-ARO",
,BDM17-TRA-1187,438,Gratin de choux fleurs,Activé,0,kg,18.90 €,1 portion de 200g environ,0.200,1,3.78 €,18.9 €/kg,5,0.2,2.87 €,gratinchoufleur.jpg,gratinchoufleur.jpg,gratinchoufleur.jpg,apdc_batignolles,batignolles,apdc_batignolles,Boucherie des Moines,Traiteur,,Mon Boucher/Boucherie des Moines/Traiteur;;Mon Boucher/Boucherie des Moines/Tous,Toute l'année,,,France,,Non,,,,0.220,0.200,Toute l'année,Gratin de choux fleurs,,,"re::^CDV,re::^MPB17-ARO",
,BDM17-TRA-1370,440,Aligot,0,0,kg,22.90 €,1 portion,,1,0.00 €,#DIV/0!,5,0.2,0.00 €,,,,apdc_batignolles,batignolles,apdc_batignolles,Boucherie des Moines,Traiteur,,Mon Boucher/Boucherie des Moines/Traiteur;;Mon Boucher/Boucherie des Moines/Tous,Toute l'année,,,,,Non,,,,0.220,0.000,Toute l'année,Aligot,,,"re::^CDV,re::^MPB17-ARO",
,BDM17-POR-1132,Voir produits 1/2 sel cru,Ensemble porc 1/2 sel pour poté,0,0,kg,???,1 portion,???,1,#VALUE!,#VALUE!,5,0.2,#VALUE!,,,,apdc_batignolles,batignolles,apdc_batignolles,Boucherie des Moines,Porc,Porc 1/2 sel cru,Mon Boucher/Boucherie des Moines/Porc;;Mon Boucher/Boucherie des Moines/Tous,Toute l'année,,,,,Non,,,,0.000,#VALUE!,Toute l'année,Ensemble porc 1/2 sel pour poté,,,"re::^CDV,re::^MPB17-ARO",
,BDM17-AGN-1129,,Emincé d'agneau,0,0,kg,,1 ensemble de 500g environ,0.500,1,0.00 €,0 €/kg,5,0.2,0.00 €,,,,apdc_batignolles,batignolles,apdc_batignolles,Boucherie des Moines,Agneau,,Mon Boucher/Boucherie des Moines/Agneau;;Mon Boucher/Boucherie des Moines/Tous,,,,France Sisteron,Sisteron Label Rouge,Non,,,,0.000,0.500,,Emincé d'agneau,,,"re::^CDV,re::^MPB17-ARO",
,BDM17-AGN-1142,,Épaule d'agneau sans os roulé,0,0,kg,26.95 €,1 épaule,1.000,1,26.95 €,26.95 €/kg,5,0.2,20.44 €,,,,apdc_batignolles,batignolles,apdc_batignolles,Boucherie des Moines,Agneau,,Mon Boucher/Boucherie des Moines/Agneau;;Mon Boucher/Boucherie des Moines/Tous,,,,France Sisteron,Sisteron Label Rouge,Non,"L’épaule d’agneau peut se faire griller, pour une saveur incomparable.","Elles sont faciles à préparer, quelques minutes de cuisson leur suffisent et les légumes de saison les accompagnent de leur couleur de leur parfum.",,0.200,1.000,Fréquent,Épaule d'agneau sans os roulé,"L’épaule d’agneau peut se faire griller, pour une saveur incomparable.",,"re::^CDV,re::^MPB17-ARO",
,BDM17-BOE-1037,,Bœuf cuit maison,0,0,kg,16.95 €,1 tranche de 180g environ,0.180,1,3.05 €,16.95 €/kg,5,0.2,2.31 €,,,,apdc_batignolles,batignolles,apdc_batignolles,Boucherie des Moines,Bœuf,,Mon Boucher/Boucherie des Moines/Bœuf;;Mon Boucher/Boucherie des Moines/Tous,,,,,,Non,,,,0.000,0.180,Pas dispo tout le temps,Bœuf cuit maison,,,"re::^CDV,re::^MPB17-ARO",
,BDM17-BOE-1130,,Emincé de bœuf,0,0,kg,,1 ensemble de 500g environ,0.500,1,0.00 €,0 €/kg,5,0.2,0.00 €,,,,apdc_batignolles,batignolles,apdc_batignolles,Boucherie des Moines,Bœuf,,Mon Boucher/Boucherie des Moines/Bœuf;;Mon Boucher/Boucherie des Moines/Tous,,,,,,Non,,,,0.000,0.500,,Emincé de bœuf,,,"re::^CDV,re::^MPB17-ARO",
,BDM17-BOE-1134,,"Ensemble pour Pot au Feu (morceaux de paleron, de gîte, de basse côte ou de macreuse)",0,0,kg,,"1 ensemble de 1,5kg environ",1.500,1,0.00 €,0 €/kg,5,0.2,0.00 €,,,,apdc_batignolles,batignolles,apdc_batignolles,Boucherie des Moines,Bœuf,,Mon Boucher/Boucherie des Moines/Bœuf;;Mon Boucher/Boucherie des Moines/Tous,,,,,,Non,,,,0.000,1.500,,"Ensemble pour Pot au Feu (morceaux de paleron, de gîte, de basse côte ou de macreuse)",,,"re::^CDV,re::^MPB17-ARO",
,BDM17-CHA-1039,,Boudin aux châtaignes x2,0,0,kg,16.95 €,2 boudins de 180g chacun environ,0.180,2,6.10 €,16.95 €/kg,5,0.2,4.63 €,,,,apdc_batignolles,batignolles,apdc_batignolles,Boucherie des Moines,Charcuterie,Charcuterie crue,Mon Boucher/Boucherie des Moines/Charcuterie;;Mon Boucher/Boucherie des Moines/Tous,Toute l'année,,,,,Non,,,,0.000,0.360,Toute l'année,Boudin aux châtaignes x2,,,"re::^CDV,re::^MPB17-ARO",
,BDM17-CHA-1200,,Saucisse sèche Perchette Auvergne,Activé,0,pièce,1.20 €,1 pièce de 30g environ,0.030,1,1.20 €,1.2 €/pièce,5,0.2,0.91 €,BDM17-perchettelaborie.jpg,BDM17-perchettelaborie.jpg,BDM17-perchettelaborie.jpg,apdc_batignolles,batignolles,apdc_batignolles,Boucherie des Moines,Charcuterie,,Mon Boucher/Boucherie des Moines/Charcuterie;;Mon Boucher/Boucherie des Moines/Tous,,Laborie,,France,,Non,,,,0.000,0.030,,Saucisse sèche Perchette Auvergne,,,"re::^CDV,re::^MPB17-ARO",
,BDM17-CHA-1201,,Saucisson Sec Poutou Auvergne,Activé,0,pièce,6.50 €,1 pièce de 280g environ,0.280,1,6.50 €,6.5 €/pièce,5,0.2,4.93 €,BDM17-poutoutlaborie.jpg,BDM17-poutoutlaborie.jpg,BDM17-poutoutlaborie.jpg,apdc_batignolles,batignolles,apdc_batignolles,Boucherie des Moines,Charcuterie,,Mon Boucher/Boucherie des Moines/Charcuterie;;Mon Boucher/Boucherie des Moines/Tous,,Laborie,,France,,Non,,,,0.000,0.280,,Saucisson Sec Poutou Auvergne,,,"re::^CDV,re::^MPB17-ARO",
,BDM17-CHA-1202,,Saucisse sèche Cordon Rouge Auvergne,Activé,0,pièce,9.80 €,1 pièce de 280g environ,0.280,1,9.80 €,9.8 €/pièce,5,0.2,7.43 €,BDM17-cordonrougelaborie.jpg,BDM17-cordonrougelaborie.jpg,BDM17-cordonrougelaborie.jpg,apdc_batignolles,batignolles,apdc_batignolles,Boucherie des Moines,Charcuterie,,Mon Boucher/Boucherie des Moines/Charcuterie;;Mon Boucher/Boucherie des Moines/Tous,,Laborie,,France,,Non,,,,0.000,0.280,,Saucisse sèche Cordon Rouge Auvergne,,,"re::^CDV,re::^MPB17-ARO",
,BDM17-CHA-1203,,2 P’tites saucisses sèches Cornes de Salers,Activé,0,pièce,9.80 €,"2 pièces, environ 300g",0.300,2,19.60 €,9.8 €/pièce,5,0.2,14.86 €,BDM17-salerlaborie.jpg,BDM17-salerlaborie.jpg,BDM17-salerlaborie.jpg,apdc_batignolles,batignolles,apdc_batignolles,Boucherie des Moines,Charcuterie,,Mon Boucher/Boucherie des Moines/Charcuterie;;Mon Boucher/Boucherie des Moines/Tous,,Laborie,,France,,Non,"Viande bovine de race Salers, gras de porc.
",,,0.000,0.600,,2 P’tites saucisses sèches Cornes de Salers,"Viande bovine de race Salers, gras de porc.
",,"re::^CDV,re::^MPB17-ARO",
,BDM17-CHA-1204,,Saucisse sèche de canard,Activé,0,pièce,11.10 €,1 saucisse de 240g environ.,0.240,1,11.10 €,11.1 €/pièce,5,0.2,8.42 €,BDM17-saucissecanardlaborie.jpg,BDM17-saucissecanardlaborie.jpg,BDM17-saucissecanardlaborie.jpg,apdc_batignolles,batignolles,apdc_batignolles,Boucherie des Moines,Charcuterie,,Mon Boucher/Boucherie des Moines/Charcuterie;;Mon Boucher/Boucherie des Moines/Tous,,Laborie,,France,,Non,"Maigre et gras de canard, maigre et gras de porc.
",,,0.000,0.240,,Saucisse sèche de canard,"Maigre et gras de canard, maigre et gras de porc.
",,"re::^CDV,re::^MPB17-ARO",
,BDM17-CHA-1205,,Saucisson Noir de Bigorre,Activé,0,pièce,12.20 €,1 saucisson d'environ 260g,0.260,1,12.20 €,12.2 €/pièce,5,0.2,9.25 €,BDM17-saucissonndb.jpg,BDM17-saucissonndb.jpg,BDM17-saucissonndb.jpg,apdc_batignolles,batignolles,apdc_batignolles,Boucherie des Moines,Charcuterie,,Mon Boucher/Boucherie des Moines/Charcuterie;;Mon Boucher/Boucherie des Moines/Tous,,,,France,Noir de Bigorre,Non,,,,0.000,0.260,,Saucisson Noir de Bigorre,,,"re::^CDV,re::^MPB17-ARO",
,BDM17-CHA-1238,,Pancetta,Activé,0,kg,39.90 €,"1 portion de 100g, en fines tranches",0.100,1,3.99 €,39.9 €/kg,5,0.2,3.03 €,BDM17-pancetta.jpg,BDM17-pancetta.jpg,BDM17-pancetta.jpg,apdc_batignolles,batignolles,apdc_batignolles,Boucherie des Moines,Charcuterie,,Mon Boucher/Boucherie des Moines/Charcuterie;;Mon Boucher/Boucherie des Moines/Tous,Toute l'année,,,Italie,,Non,"La pancetta IPA est un produit de la charcuterie italienne à base de poitrine de porc salée, poivrée et séchée pendant environ trois mois.
Elle peut être fumée ou non. Présentée souvent en roulade comme un gros saucisson, il en existe une vingtaine de type.",,,0.060,0.100,Toute l'année,Pancetta,"La pancetta IPA est un produit de la charcuterie italienne à base de poitrine de porc salée, poivrée et séchée pendant environ trois mois.
Elle peut être fumée ou non. Présentée souvent en roulade comme un gros saucisson, il en existe une vingtaine de type.",,"re::^CDV,re::^MPB17-ARO",
,BDM17-CHA-1375,,Ventreche plate (lard) de Noir de Bigorre,Activé,0,kg,39.90 €,1 portion de 100g,0.100,1,3.99 €,39.9 €/kg,5,0.2,3.03 €,BDM17-ventrechenoirbigorre.jpg,BDM17-ventrechenoirbigorre.jpg,BDM17-ventrechenoirbigorre.jpg,apdc_batignolles,batignolles,apdc_batignolles,Boucherie des Moines,Charcuterie,,Mon Boucher/Boucherie des Moines/Charcuterie;;Mon Boucher/Boucherie des Moines/Tous,Toute l'année,Noir de Bigorre,,France,Noir de Bigorre,Non,"Produits d'exception. Animaux élevés en plein air, 12 mois minimum, sans OGM",,,0.000,0.100,Toute l'année,Ventreche plate (lard) de Noir de Bigorre,"Produits d'exception. Animaux élevés en plein air, 12 mois minimum, sans OGM",,"re::^CDV,re::^MPB17-ARO",
,BDM17-CON-1011,,Airelles au naturel,0,0,pièce,4.40 €,,,1,4.40 €,4.4 €/pièce,5,0.2,3.34 €,,,,apdc_batignolles,batignolles,apdc_batignolles,Boucherie des Moines,Conserve,,Mon Boucher/Boucherie des Moines/Conserve;;Mon Boucher/Boucherie des Moines/Tous,Toute l'année,Jacquelin,,,,Non,,,,0.000,0.000,Toute l'année,Airelles au naturel,,,"re::^CDV,re::^MPB17-ARO",
,BDM17-CON-1032,,Bloc de foie gras de canard,0,0,pièce,,,,1,0.00 €, €/pièce,5,0.2,0.00 €,,,,apdc_batignolles,batignolles,apdc_batignolles,Boucherie des Moines,Conserve,,Mon Boucher/Boucherie des Moines/Conserve;;Mon Boucher/Boucherie des Moines/Tous,Toute l'année,Désirs et Traditions,,France Gers,,Non,,,,0.000,0.000,Toute l'année,Bloc de foie gras de canard,,,"re::^CDV,re::^MPB17-ARO",
,BDM17-CON-1042,,Boudin de Porc Noir de Bigorre,0,0,pièce,,1 bocal de 180g,0.180,1,0.00 €, €/pièce,5,0.2,0.00 €,BDM17-boudinbigorre.jpg,BDM17-boudinbigorre.jpg,BDM17-boudinbigorre.jpg,apdc_batignolles,batignolles,apdc_batignolles,Boucherie des Moines,Conserve,,Mon Boucher/Boucherie des Moines/Conserve;;Mon Boucher/Boucherie des Moines/Tous,Toute l'année,Noir de Bigorre,,,,Non,"Tête, viande, sang de porc noir de Bigorre, poireaux, oignons, carottes, thym, laurier, épices",,,0.000,0.180,Toute l'année,Boudin de Porc Noir de Bigorre,"Tête, viande, sang de porc noir de Bigorre, poireaux, oignons, carottes, thym, laurier, épices",,"re::^CDV,re::^MPB17-ARO",
,BDM17-CON-1161,,Foie gras Canard Sud Ouest cuit,0,0,kg,23.40 €,,,1,0.00 €,#DIV/0!,5,0.2,0.00 €,,,,apdc_batignolles,batignolles,apdc_batignolles,Boucherie des Moines,Conserve,Foie Gras,Mon Boucher/Boucherie des Moines/Conserve;;Mon Boucher/Boucherie des Moines/Tous,Toute l'année,,,Franec Sud Ouest,IGP,Non,,,,0.180,0.000,Toute l'année,Foie gras Canard Sud Ouest cuit,,,"re::^CDV,re::^MPB17-ARO",
,BDM17-CON-1164,,Foie gras d'oie entier cuit (conserve),0,0,kg,36.00 €,,,1,0.00 €,#DIV/0!,5,0.2,0.00 €,,,,apdc_batignolles,batignolles,apdc_batignolles,Boucherie des Moines,Conserve,Foie Gras,Mon Boucher/Boucherie des Moines/Conserve;;Mon Boucher/Boucherie des Moines/Tous,Toute l'année,,,,,Non,,,,0.150,0.000,Toute l'année,Foie gras d'oie entier cuit (conserve),,,"re::^CDV,re::^MPB17-ARO",
,BDM17-CON-1170,,Foie gras de canard entier des Landes,0,0,pièce,,,,1,0.00 €, €/pièce,5,0.2,0.00 €,,,,apdc_batignolles,batignolles,apdc_batignolles,Boucherie des Moines,Conserve,,Mon Boucher/Boucherie des Moines/Conserve;;Mon Boucher/Boucherie des Moines/Tous,Toute l'année,Marie Hot,,France,IGP,Non,,,,0.000,0.000,Toute l'année,Foie gras de canard entier des Landes,,,"re::^CDV,re::^MPB17-ARO",
,BDM17-CON-1171,,Foie gras de canard entier des Landes poivré,0,0,pièce,,,,1,0.00 €, €/pièce,5,0.2,0.00 €,,,,apdc_batignolles,batignolles,apdc_batignolles,Boucherie des Moines,Conserve,,Mon Boucher/Boucherie des Moines/Conserve;;Mon Boucher/Boucherie des Moines/Tous,Toute l'année,Marie Hot,,France,IGP,Non,,,,0.000,0.000,Toute l'année,Foie gras de canard entier des Landes poivré,,,"re::^CDV,re::^MPB17-ARO",
,BDM17-CON-1172,,Foie gras de Canard Entier Mi-cuit,0,0,kg,34.00 €,1 bocal,0.195,1,6.63 €,34 €/kg,5,0.2,5.03 €,,,,apdc_batignolles,batignolles,apdc_batignolles,Boucherie des Moines,Conserve,Foie Gras,Mon Boucher/Boucherie des Moines/Conserve;;Mon Boucher/Boucherie des Moines/Tous,Toute l'année,Castaing,,,,Non,,,,0.000,0.195,Toute l'année,Foie gras de Canard Entier Mi-cuit,,,"re::^CDV,re::^MPB17-ARO",
,BDM17-CON-1173,,Foie gras entier de canard du Gers Mi-cuit,0,0,pièce,,1 bocal,0.120,1,0.00 €, €/pièce,5,0.2,0.00 €,,,,apdc_batignolles,batignolles,apdc_batignolles,Boucherie des Moines,Conserve,Foie Gras,Mon Boucher/Boucherie des Moines/Conserve;;Mon Boucher/Boucherie des Moines/Tous,,Désirs et Traditions,,France Gers,,Non,,,,0.000,0.120,En saison,Foie gras entier de canard du Gers Mi-cuit,,,"re::^CDV,re::^MPB17-ARO",
,BDM17-CON-1176,,Gelée extra de Sauternes,0,0,pièce,,1 bocal,0.065,1,0.00 €, €/pièce,5,0.2,0.00 €,,,,apdc_batignolles,batignolles,apdc_batignolles,Boucherie des Moines,Conserve,,Mon Boucher/Boucherie des Moines/Conserve;;Mon Boucher/Boucherie des Moines/Tous,Toute l'année,Marie Hot,,France,IGP,Non,,,,0.000,0.065,Toute l'année,Gelée extra de Sauternes,,,"re::^CDV,re::^MPB17-ARO",
,BDM17-CON-1178,,Gésiers de canard confits,Activé,0,pièce,9.98 €,1 bocal de 380g,0.380,1,9.98 €,9.98 €/pièce,5,0.2,7.57 €,BDM17-gesierconfit.jpg,BDM17-gesierconfit.jpg,BDM17-gesierconfit.jpg,apdc_batignolles,batignolles,apdc_batignolles,Boucherie des Moines,Conserve,,Mon Boucher/Boucherie des Moines/Conserve;;Mon Boucher/Boucherie des Moines/Tous,Toute l'année,Castaing,,,,Non,380g poids net / 190g poids égoutté,,,0.000,0.380,Toute l'année,Gésiers de canard confits,380g poids net / 190g poids égoutté,,"re::^CDV,re::^MPB17-ARO",
,BDM17-CON-1191,,Grand pot de haricots Lingots Cuisiné à la Tomate à la graisse d'Oie,Activé,0,pièce,3.80 €,1 pot de 395g net egoutté,0.660,1,3.80 €,3.8 €/pièce,5,0.2,2.88 €,BDM17-Haricotslingots.jpg,BDM17-Haricotslingots.jpg,BDM17-Haricotslingots.jpg,apdc_batignolles,batignolles,apdc_batignolles,Boucherie des Moines,Conserve,,Mon Boucher/Boucherie des Moines/Conserve;;Mon Boucher/Boucherie des Moines/Tous,Toute l'année,Couronne de Dijon,,France,,Non,,,,,0.660,Toute l'année,Grand pot de haricots Lingots Cuisiné à la Tomate à la graisse d'Oie,,,"re::^CDV,re::^MPB17-ARO",
,BDM17-CON-1192,,Grand pot de Petits Pois Extra Fins et Carottes à l'étuvée,Activé,0,pièce,3.30 €,"1 pot de 660g, 420g net egoutté",0.660,1,3.30 €,3.3 €/pièce,5,0.2,2.50 €,BDM17-grandpotpetitspois.jpg,BDM17-grandpotpetitspois.jpg,BDM17-grandpotpetitspois.jpg,apdc_batignolles,batignolles,apdc_batignolles,Boucherie des Moines,Conserve,,Mon Boucher/Boucherie des Moines/Conserve;;Mon Boucher/Boucherie des Moines/Tous,Toute l'année,Couronne de Dijon,,France,,Non,,,,,0.660,Toute l'année,Grand pot de Petits Pois Extra Fins et Carottes à l'étuvée,,,"re::^CDV,re::^MPB17-ARO",
,BDM17-CON-1193,,Chataignes Entières à sec sous vide,Activé,0,pièce,7.80 €,1 pot de 420g,0.420,1,7.80 €,7.8 €/pièce,5,0.2,5.91 €,BDM17-chataignesentieres.jpg,BDM17-chataignesentieres.jpg,BDM17-chataignesentieres.jpg,apdc_batignolles,batignolles,apdc_batignolles,Boucherie des Moines,Conserve,,Mon Boucher/Boucherie des Moines/Conserve;;Mon Boucher/Boucherie des Moines/Tous,Toute l'année,Merve Restauration,,France,,Non,,,,,0.420,Toute l'année,Chataignes Entières à sec sous vide,,,"re::^CDV,re::^MPB17-ARO",
,BDM17-CON-1194,,Grand pot de haricots blancs préparés,Activé,0,pièce,3.30 €,1 pot de 420g,0.660,1,3.30 €,3.3 €/pièce,5,0.2,2.50 €,BDM17-haricotsblancs.jpg,BDM17-haricotsblancs.jpg,BDM17-haricotsblancs.jpg,apdc_batignolles,batignolles,apdc_batignolles,Boucherie des Moines,Conserve,,Mon Boucher/Boucherie des Moines/Conserve;;Mon Boucher/Boucherie des Moines/Tous,Toute l'année,Couronne de Dijon,,France,,Non,,,,,0.660,Toute l'année,Grand pot de haricots blancs préparés,,,"re::^CDV,re::^MPB17-ARO",
,BDM17-CON-1195,,Petit pot de Petits Pois Extra Fins et Carottes à l'étuvée,Activé,0,pièce,2.60 €,1 pot de 220g net egoutté,0.420,1,2.60 €,2.6 €/pièce,5,0.2,1.97 €,BDM17-petitpetitpoiscarotte.jpg,BDM17-petitpetitpoiscarotte.jpg,BDM17-petitpetitpoiscarotte.jpg,apdc_batignolles,batignolles,apdc_batignolles,Boucherie des Moines,Conserve,,Mon Boucher/Boucherie des Moines/Conserve;;Mon Boucher/Boucherie des Moines/Tous,Toute l'année,Couronne de Dijon,,France,,Non,,,,,0.420,Toute l'année,Petit pot de Petits Pois Extra Fins et Carottes à l'étuvée,,,"re::^CDV,re::^MPB17-ARO",
,BDM17-CON-1200,,Petit pot de haricots blancs préparés,Activé,0,pièce,2.90 €,1 pot de 330g,0.330,1,2.90 €,2.9 €/pièce,5,0.2,2.20 €,BDM17-petitharicot.jpg,BDM17-petitharicot.jpg,BDM17-petitharicot.jpg,apdc_batignolles,batignolles,apdc_batignolles,Boucherie des Moines,Conserve,,Mon Boucher/Boucherie des Moines/Conserve;;Mon Boucher/Boucherie des Moines/Tous,Toute l'année,Couronne de Dijon,,France,,Non,,,,,0.330,Toute l'année,Petit pot de haricots blancs préparés,,,"re::^CDV,re::^MPB17-ARO",
,BDM17-CON-1201,,Petit pot de haricots Lingots Cuisiné à la Tomate à la graisse d'Oie,Activé,0,pièce,3.80 €,"1 pot de 330g, 215g poids net égoutté",0.330,1,3.80 €,3.8 €/pièce,5,0.2,2.88 €,BDM17-petitharicottomate.jpg,BDM17-petitharicottomate.jpg,BDM17-petitharicottomate.jpg,apdc_batignolles,batignolles,apdc_batignolles,Boucherie des Moines,Conserve,,Mon Boucher/Boucherie des Moines/Conserve;;Mon Boucher/Boucherie des Moines/Tous,Toute l'année,Couronne de Dijon,,France,,Non,,,,,0.330,Toute l'année,Petit pot de haricots Lingots Cuisiné à la Tomate à la graisse d'Oie,,,"re::^CDV,re::^MPB17-ARO",
,BDM17-CON-1202,,Petit pot de salsifis,Activé,0,pièce,2.75 €,"1 pot de 330g, 205g poids net égoutté",0.330,1,2.75 €,2.75 €/pièce,5,0.2,2.09 €,BDM17-salsifis.jpg,BDM17-salsifis.jpg,BDM17-salsifis.jpg,apdc_batignolles,batignolles,apdc_batignolles,Boucherie des Moines,Conserve,,Mon Boucher/Boucherie des Moines/Conserve;;Mon Boucher/Boucherie des Moines/Tous,Toute l'année,Couronne de Dijon,,France,,Non,,,,,0.330,Toute l'année,Petit pot de salsifis,,,"re::^CDV,re::^MPB17-ARO",
,BDM17-CON-1210,,Grand pot de lentilles cuisinées à la graisse d'oie,Activé,0,pièce,3.80 €,1 bocal de 420g net egoutté,0.660,1,3.80 €,3.8 €/pièce,5,0.2,2.88 €,BDM17-Lentillescuisinees.jpg,BDM17-Lentillescuisinees.jpg,BDM17-Lentillescuisinees.jpg,apdc_batignolles,batignolles,apdc_batignolles,Boucherie des Moines,Conserve,,Mon Boucher/Boucherie des Moines/Conserve;;Mon Boucher/Boucherie des Moines/Tous,Toute l'année,Couronne de Dijon,,France,,Non,660g poids net / 420g poids égoutté,,,0.000,0.660,Toute l'année,Grand pot de lentilles cuisinées à la graisse d'oie,660g poids net / 420g poids égoutté,,"re::^CDV,re::^MPB17-ARO",
,BDM17-CON-1211,,Petit pot de lentilles cuisinées à la graisse d'oie,Activé,0,pièce,2.90 €,"1 bocal de 330g, 215g poids net égoutté",0.330,1,2.90 €,2.9 €/pièce,5,0.2,2.20 €,BDM17-Petitlentilles.jpg,BDM17-Petitlentilles.jpg,BDM17-Petitlentilles.jpg,apdc_batignolles,batignolles,apdc_batignolles,Boucherie des Moines,Conserve,,Mon Boucher/Boucherie des Moines/Conserve;;Mon Boucher/Boucherie des Moines/Tous,Toute l'année,Couronne de Dijon,,France,,Non,660g poids net / 420g poids égoutté,,,0.000,0.330,Toute l'année,Petit pot de lentilles cuisinées à la graisse d'oie,660g poids net / 420g poids égoutté,,"re::^CDV,re::^MPB17-ARO",
,BDM17-CON-1218,,Grand pot de marrons à Sec,Activé,0,pot,7.80 €,"1 bocal de 720ml, 420g",0.420,1,7.80 €,7.8 €/pot,5,0.2,5.91 €,BDM17-grandsmarrons.jpg,BDM17-grandsmarrons.jpg,BDM17-grandsmarrons.jpg,apdc_batignolles,batignolles,apdc_batignolles,Boucherie des Moines,Conserve,,Mon Boucher/Boucherie des Moines/Conserve;;Mon Boucher/Boucherie des Moines/Tous,Toute l'année,Couronne de Dijon,,,,Non,,,,0.000,0.420,Toute l'année,Grand pot de marrons à Sec,,,"re::^CDV,re::^MPB17-ARO",
,BDM17-CON-1244,,Petit pot de flageolets verts extra fins,Activé,0,pièce,3.30 €,1 pot de 215g net égoutté,0.330,1,3.30 €,3.3 €/pièce,5,0.2,2.50 €,BDM17-flageolet.jpg,BDM17-flageolet.jpg,BDM17-flageolet.jpg,apdc_batignolles,batignolles,apdc_batignolles,Boucherie des Moines,Conserve,,Mon Boucher/Boucherie des Moines/Conserve;;Mon Boucher/Boucherie des Moines/Tous,Toute l'année,,,,,Non,,,,,0.330,Toute l'année,Petit pot de flageolets verts extra fins,,,"re::^CDV,re::^MPB17-ARO",
,BDM17-CON-1282,,Rillettes de Porc Noir de Bigorre,0,0,pièce,,1 bocal,0.180,1,0.00 €, €/pièce,5,0.2,0.00 €,,,,apdc_batignolles,batignolles,apdc_batignolles,Boucherie des Moines,Conserve,,Mon Boucher/Boucherie des Moines/Conserve;;Mon Boucher/Boucherie des Moines/Tous,Toute l'année,Noir de Bigorre,,,,Non,"Gras et maigre de porc noir de Bigorre, carottes, oignons, sel et poivre",,,0.000,0.180,Toute l'année,Rillettes de Porc Noir de Bigorre,"Gras et maigre de porc noir de Bigorre, carottes, oignons, sel et poivre",,"re::^CDV,re::^MPB17-ARO",
,BDM17-CON-1325,,Sauce Tartare,0,0,pièce,,,,1,0.00 €, €/pièce,5,0.2,0.00 €,,,,apdc_batignolles,batignolles,apdc_batignolles,Boucherie des Moines,Conserve,,Mon Boucher/Boucherie des Moines/Conserve;;Mon Boucher/Boucherie des Moines/Tous,Toute l'année,Jacquelin,,,,Non,,,,0.000,0.000,Toute l'année,Sauce Tartare,,,"re::^CDV,re::^MPB17-ARO",
,BDM17-CON-1356,,Terrine de Porc Noir de Bigorre,0,0,pièce,,1 bocal,0.180,1,0.00 €, €/pièce,5,0.2,0.00 €,,,,apdc_batignolles,batignolles,apdc_batignolles,Boucherie des Moines,Conserve,,Mon Boucher/Boucherie des Moines/Conserve;;Mon Boucher/Boucherie des Moines/Tous,Toute l'année,Noir de Bigorre,,,,Non,"Gorge, foie, poitrine de porc noir de Bigorre, blanc d'oeuf, lait",,,0.000,0.180,Toute l'année,Terrine de Porc Noir de Bigorre,"Gorge, foie, poitrine de porc noir de Bigorre, blanc d'oeuf, lait",,"re::^CDV,re::^MPB17-ARO",
,BDM17-CON-1376,,Verrine de Bigorre (à détailler),0,0,kg,,,,1,0.00 €,#DIV/0!,5,0.2,0.00 €,,,,apdc_batignolles,batignolles,apdc_batignolles,Boucherie des Moines,Conserve,Bigorre,Mon Boucher/Boucherie des Moines/Conserve;;Mon Boucher/Boucherie des Moines/Tous,Toute l'année,,,France Bigorre,,Non,,,,0.000,0.000,Toute l'année,Verrine de Bigorre (à détailler),,,"re::^CDV,re::^MPB17-ARO",
,BDM17-POR-1200,,Jarret 1/2 sel,0,0,kg,9.95 €,1 portion,0.300,1,2.99 €,9.95 €/kg,5,0.2,2.26 €,,,,apdc_batignolles,batignolles,apdc_batignolles,Boucherie des Moines,Porc,Porc 1/2 sel cru,Mon Boucher/Boucherie des Moines/Porc;;Mon Boucher/Boucherie des Moines/Tous,Toute l'année,,,,,Non,Partie supérieure des pattes avant ou arrières en salaison.,,,0.000,0.300,Toute l'année,Jarret 1/2 sel,Partie supérieure des pattes avant ou arrières en salaison.,,"re::^CDV,re::^MPB17-ARO",
,BDM17-POR-1247,,Pied 1/2 sel,0,0,kg,4.90 €,1 portion,0.400,1,1.96 €,4.9 €/kg,5,0.2,1.49 €,,,,apdc_batignolles,batignolles,apdc_batignolles,Boucherie des Moines,Porc,Porc 1/2 sel cru,Mon Boucher/Boucherie des Moines/Porc;;Mon Boucher/Boucherie des Moines/Tous,Toute l'année,,,,,Non,Pied de porc en salaison. Il contient peu de viande mais est très savoureux.,,,0.000,0.400,Toute l'année,Pied 1/2 sel,Pied de porc en salaison. Il contient peu de viande mais est très savoureux.,,"re::^CDV,re::^MPB17-ARO",
,BDM17-POR-1249,,Pierrade,0,0,kg,,1 ensemble de 800g environ,0.800,1,0.00 €,0 €/kg,5,0.2,0.00 €,,,,apdc_batignolles,batignolles,apdc_batignolles,Boucherie des Moines,Porc,,Mon Boucher/Boucherie des Moines/Porc;;Mon Boucher/Boucherie des Moines/Tous,,,,,,Non,,,,0.000,0.800,,Pierrade,,,"re::^CDV,re::^MPB17-ARO",
,BDM17-POR-1254,,Plat de cote,0,0,kg,9.90 €,1 portion de 260g environ,0.260,1,2.57 €,9.9 €/kg,5,0.2,1.95 €,,,,apdc_batignolles,batignolles,apdc_batignolles,Boucherie des Moines,Porc,Porc 1/2 sel cru,Mon Boucher/Boucherie des Moines/Porc;;Mon Boucher/Boucherie des Moines/Tous,Toute l'année,,,,,Non,Le plat de côte excelle dans une potée à laquelle il donne toute sa saveur.,,,0.000,0.260,Toute l'année,Plat de cote,Le plat de côte excelle dans une potée à laquelle il donne toute sa saveur.,,"re::^CDV,re::^MPB17-ARO",
,BDM17-POR-1275,,Queue 1/2 sel,0,0,kg,4.90 €,1 portion,0.350,1,1.72 €,4.9 €/kg,5,0.2,1.30 €,,,,apdc_batignolles,batignolles,apdc_batignolles,Boucherie des Moines,Porc,Porc 1/2 sel cru,Mon Boucher/Boucherie des Moines/Porc;;Mon Boucher/Boucherie des Moines/Tous,Toute l'année,,,,,Non,Queue de porc en salaison. Légèrement recourbée elle n'est pas en forme de tire-bouchon !,,,0.000,0.350,Toute l'année,Queue 1/2 sel,Queue de porc en salaison. Légèrement recourbée elle n'est pas en forme de tire-bouchon !,,"re::^CDV,re::^MPB17-ARO",
,BDM17-POR-1342,,Sauté de porc – cube,0,0,kg,,1 ensemble de 800g environ,0.800,1,0.00 €,0 €/kg,5,0.2,0.00 €,,,,apdc_batignolles,batignolles,apdc_batignolles,Boucherie des Moines,Porc,,Mon Boucher/Boucherie des Moines/Porc;;Mon Boucher/Boucherie des Moines/Tous,,,,,,Non,,,,0.000,0.800,,Sauté de porc – cube,,,"re::^CDV,re::^MPB17-ARO",
,BDM17-POR-1363,,Tranche d'échine de porc,0,0,kg,,1 ensemble de 800g environ,0.800,1,0.00 €,0 €/kg,5,0.2,0.00 €,,,,apdc_batignolles,batignolles,apdc_batignolles,Boucherie des Moines,Porc,,Mon Boucher/Boucherie des Moines/Porc;;Mon Boucher/Boucherie des Moines/Tous,,,,,,Non,,,,0.000,0.800,,Tranche d'échine de porc,,,"re::^CDV,re::^MPB17-ARO",
,BDM17-TRA-1165,,Foie gras de canard,0,0,kg,138.00 €,,,1,0.00 €,#DIV/0!,5,0.2,0.00 €,,,,apdc_batignolles,batignolles,apdc_batignolles,Boucherie des Moines,Traiteur,,Mon Boucher/Boucherie des Moines/Traiteur;;Mon Boucher/Boucherie des Moines/Tous,Toute l'année,,,,Maison,Non,,,,0.000,0.000,Toute l'année,Foie gras de canard,,,"re::^CDV,re::^MPB17-ARO",
,BDM17-VEA-1095,,Côte de veau sans os,0,0,kg,38.95 €,,,1,0.00 €,#DIV/0!,5,0.2,0.00 €,,,,apdc_batignolles,batignolles,apdc_batignolles,Boucherie des Moines,Veau,,Mon Boucher/Boucherie des Moines/Veau;;Mon Boucher/Boucherie des Moines/Tous,,,,,,Non,,,,0.000,0.000,Non dispo lors du relevé,Côte de veau sans os,,,"re::^CDV,re::^MPB17-ARO",
,BDM17-VEA-1096,,Côte de Veau x2,0,0,kg,27.95 €,2 côtes de 220g chacune environ,0.220,2,12.30 €,27.95 €/kg,5,0.2,9.33 €,cotes_veau.jpg,cotes_veau.jpg,cotes_veau.jpg,apdc_batignolles,batignolles,apdc_batignolles,Boucherie des Moines,Veau,,Mon Boucher/Boucherie des Moines/Veau;;Mon Boucher/Boucherie des Moines/Tous,Toute l'année,,,,,Non,"Issu des côtes premières ou du filet La côte offre une viande moelleuse et savoureuse. La côte première, dite côtelette, est belle, bien charnue, avec une belle noix de viande tendre; son manche est bien droit, elle est légèrement grasse sur les bords.","Elle se cuisine tout simplement, juste grillée ou poêlée à feu modéré pour préserver sa viande délicate ou accompagnée de sauces douces à base de crème, de moutarde ou de concentré de tomates, ou bien plus ou moins relevées d’épices ou de condiments. Elles doivent être sorties 1/2 heure avant d’être mises à cuire : une viande trop froide cuit mal.","Les côtes de veau se conservent, dans leur emballage, 2 à 3 jours au réfrigérateur, dans sa partie la plus froide.",0.000,0.440,Toute l'année,Côte de Veau x2,"Issu des côtes premières ou du filet La côte offre une viande moelleuse et savoureuse. La côte première, dite côtelette, est belle, bien charnue, avec une belle noix de viande tendre; son manche est bien droit, elle est légèrement grasse sur les bords.",,"re::^CDV,re::^MPB17-ARO",
,BDM17-VEA-1103,,Roti filet de veau,0,0,kg,27.95 €,,,,0.00 €,#DIV/0!,5,0.2,0.00 €,,,,apdc_batignolles,batignolles,apdc_batignolles,Boucherie des Moines,Veau,,Mon Boucher/Boucherie des Moines/Veau;;Mon Boucher/Boucherie des Moines/Tous,,,,,,Non,,"Le rôti : avec ou sans barde ? Pour les inconditionnels du rôti de veau bardé, éviter la barde de porc et lui préférer la graisse de veau, meilleure et mieux adaptée. Quelle que soit la barde choisie, la retirer avant la fin de la cuisson : la viande sera bien dorée, meilleure au goût et plus belle à l’oeil.","Ne jamais acheter un rôti trop petit. La viande est toujours trop sèche après la cuisson. De plus, un reste de rôti de veau froid s’accommode de nombreuses façons.",0.220,0.000,Non dispo lors du relevé,Roti filet de veau,,DAN17-VEA-102,"re::^CDV,re::^MPB17-ARO",
,BDM17-VEA-1226,,Noisette de veau,0,0,kg,29.95 €,1 tranche,0.150,1,4.49 €,29.95 €/kg,5,0.2,3.41 €,,,,apdc_batignolles,batignolles,apdc_batignolles,Boucherie des Moines,Veau,,Mon Boucher/Boucherie des Moines/Veau;;Mon Boucher/Boucherie des Moines/Tous,Toute l'année,,,,,Non,La noisette (ou mignon) est une pièce moins épaisse et non bardée.,,"Le filet de veau se conserve, au réfrigérateur dans sa partie la plus froide, de 2 à 3 jours dans son emballage d’origine",0.150,0.150,Toute l'année,Noisette de veau,La noisette (ou mignon) est une pièce moins épaisse et non bardée.,,"re::^CDV,re::^MPB17-ARO",
,BDM17-VEA-1319,,Rôti de veau pèches abricots,0,0,kg,26.95 €,1 rôti de 1kg environ,1.000,1,26.95 €,26.95 €/kg,5,0.2,20.44 €,,,,apdc_batignolles,batignolles,apdc_batignolles,Boucherie des Moines,Veau,,Mon Boucher/Boucherie des Moines/Veau;;Mon Boucher/Boucherie des Moines/Tous,Toute l'année,,,,,Non,,"Le rôti : avec ou sans barde ? Pour les inconditionnels du rôti de veau bardé, éviter la barde de porc et lui préférer la graisse de veau, meilleure et mieux adaptée. Quelle que soit la barde choisie, la retirer avant la fin de la cuisson : la viande sera bien dorée, meilleure au goût et plus belle à l’oeil.","Ne jamais acheter un rôti trop petit. La viande est toujours trop sèche après la cuisson. De plus, un reste de rôti de veau froid s’accommode de nombreuses façons.",0.220,1.000,Toute l'année,Rôti de veau pèches abricots,,,"re::^CDV,re::^MPB17-ARO",
,BDM17-VOL-1004,,2 Cuisses de canard confites,0,0,kg,22.69 €,1 bocal,0.290,1,6.58 €,22.69 €/kg,5,0.2,4.99 €,,,,apdc_batignolles,batignolles,apdc_batignolles,Boucherie des Moines,Volaille,Canard,Mon Boucher/Boucherie des Moines/Volaille;;Mon Boucher/Boucherie des Moines/Tous,Toute l'année,Castaing,,France Saint Sever,,Non,,,,0.000,0.290,Toute l'année,2 Cuisses de canard confites,,,"re::^CDV,re::^MPB17-ARO",
,BDM17-VOL-1055,,Canette des Dombes,0,0,kg,,,,1,0.00 €,#DIV/0!,5,0.2,0.00 €,,,,apdc_batignolles,batignolles,apdc_batignolles,Boucherie des Moines,Volaille,Canard,Mon Boucher/Boucherie des Moines/Volaille;;Mon Boucher/Boucherie des Moines/Tous,Toute l'année,"Mieral, Prince des Dombes",,France Bresse,,Non,,,,0.000,0.000,Toute l'année,Canette des Dombes,,,"re::^CDV,re::^MPB17-ARO",
,BDM17-VOL-1177,,Gésier confit,0,0,kg,9.98 €,,,1,0.00 €,#DIV/0!,5,0.2,0.00 €,,,,apdc_batignolles,batignolles,apdc_batignolles,Boucherie des Moines,Volaille,Canard,Mon Boucher/Boucherie des Moines/Volaille;;Mon Boucher/Boucherie des Moines/Tous,Toute l'année,Castaing,,,,Non,,,,0.380,0.000,Toute l'année,Gésier confit,,,"re::^CDV,re::^MPB17-ARO",
,BDM17-VOL-1215,,Magret de Canard séché,0,0,kg,22.80 €,,,1,0.00 €,#DIV/0!,5,0.2,0.00 €,,,,apdc_batignolles,batignolles,apdc_batignolles,Boucherie des Moines,Volaille,Canard,Mon Boucher/Boucherie des Moines/Volaille;;Mon Boucher/Boucherie des Moines/Tous,Toute l'année,,,,,Non,,,,0.000,0.000,Toute l'année,Magret de Canard séché,,,"re::^CDV,re::^MPB17-ARO",
,BDM17-VOL-1252,,Pintade fermière bio effilée,0,0,kg,17.99 €,1 volaille,1.900,1,34.18 €,17.99 €/kg,5,0.2,25.92 €,,,,apdc_batignolles,batignolles,apdc_batignolles,Boucherie des Moines,Volaille,Pintade,Mon Boucher/Boucherie des Moines/Volaille;;Mon Boucher/Boucherie des Moines/Tous,Toute l'année,Selon arrivage,,France Vendée,,"AB,Bio Européen","Elevée en plein air, alimentation à base de céréales bio, traçabilité absolue, origine garantie, classe A. Produit biologique.",,,0.000,1.900,Marque peut varier (La table du Fermier),Pintade fermière bio effilée,"Elevée en plein air, alimentation à base de céréales bio, traçabilité absolue, origine garantie, classe A. Produit biologique.",,"re::^CDV,re::^MPB17-ARO",
,BDM17-VOL-1266,,Poulet au sol entier,0,0,kg,,,,1,0.00 €,#DIV/0!,5,0.2,0.00 €,,,,apdc_batignolles,batignolles,apdc_batignolles,Boucherie des Moines,Volaille,Poulet,Mon Boucher/Boucherie des Moines/Volaille;;Mon Boucher/Boucherie des Moines/Tous,Toute l'année,,,,,Non,Plein air,,,0.000,0.000,Toute l'année,Poulet au sol entier,Plein air,,"re::^CDV,re::^MPB17-ARO",
,BDM17-VOL-1268,,Poulet fermier blanc effilé des Landes,0,0,kg,,,,1,0.00 €,#DIV/0!,5,0.2,0.00 €,,,,apdc_batignolles,batignolles,apdc_batignolles,Boucherie des Moines,Volaille,Poulet,Mon Boucher/Boucherie des Moines/Volaille;;Mon Boucher/Boucherie des Moines/Tous,Toute l'année,,,,,Non,,,,0.000,0.000,Toute l'année,Poulet fermier blanc effilé des Landes,,"DAN17-VOL-510,BDM17-VOL-1308","re::^CDV,re::^MPB17-ARO",
,BDM17-VOL-1272,,Poulet noir fermier de Normandie (PAC),0,0,kg,,,,1,0.00 €,#DIV/0!,5,0.2,0.00 €,,,,apdc_batignolles,batignolles,apdc_batignolles,Boucherie des Moines,Volaille,Poulet,Mon Boucher/Boucherie des Moines/Volaille;;Mon Boucher/Boucherie des Moines/Tous,Toute l'année,,,France Eure,"IGP, Label Rouge",Non,Elevé en plein air,,,0.000,0.000,Toute l'année,Poulet noir fermier de Normandie (PAC),Elevé en plein air,,"re::^CDV,re::^MPB17-ARO",
,BDM17-VOL-1308,,Perdreau des Landes,Activé,1,pièce,7.00 €,la pièce,,1,7.00 €,7 €/pièce,5,0.2,5.31 €,BDM17-perdreau.jpg,BDM17-perdreau.jpg,BDM17-perdreau.jpg,apdc_batignolles,batignolles,apdc_batignolles,Boucherie des Moines,Volaille,Perdrix,Mon Boucher/Boucherie des Moines/Volaille;;Mon Boucher/Boucherie des Moines/Tous,Commande 2/3 jours à l'avance,Marie Hot,http://www.marie-hot.com/ma-marque-de-volaille.html,France,Label Rouge,Non,"La perdrix est un petit oiseau à mi-chemin entre une caille et un petit faisan classé dans la catégorie du gibier et chassé au cours de l’automne et de l’hiver. La perdrix est sans conteste une viande de gibier appréciée des fins gourmets : sa chair fine et savoureuse est un régal. Elle est en plus peu calorique, très pauvre en graisse et surtout riche en nutriments.","La perdrix nécessite une cuisson à point. Elle peut être rôtie au four, à la broche ou cuite à la cocotte. Le perdreau lui se fait plus souvent rôtir car sa chair est encore tendre et fondante. Pour éviter que la chair ne se dessèche, veiller à arroser la perdrix du jus de cuisson pendant toute la durée de cuisson.","La perdrix au chou et au lard est un plat très courant mais cet oiseau-gibier s’accorde également très bien avec des légumineuses et d’autres légumes verts. Les fruits secs comme les amandes, les noix, les raisins et les abricots peuvent entrer dans la composition de farces pour garnir les perdrix. Elle se cuisine également en ragoût additionnée de bière par exemple.",0.000,0.000,,Perdreau des Landes,La perdrix est un petit oiseau à mi-chemin entre une caille et un petit faisan classé dans la catégorie du gibier et chassé au cours de l’automne et de l’hiver. La perdrix est sans conteste une viande de gibier appréciée des fins gourmets : sa chair fine et savoureuse est un régal. Elle est en plus ,,"re::^CDV,re::^MPB17-ARO",
,BDM17-VOL-1307,,Grouse d'Ecosse,0,0,pièce,11.25 €,le lot de 20 pièces,,20,225.00 €,11.25 €/pièce,5,0.2,170.62 €,,,,apdc_batignolles,batignolles,apdc_batignolles,Boucherie des Moines,Volaille,Canard,Mon Boucher/Boucherie des Moines/Volaille;;Mon Boucher/Boucherie des Moines/Tous,Commande 2/3 jours à l'avance,,,Ecosse,,Non,,,,0.000,0.000,Non dispo lors du relevé,Grouse d'Ecosse,,,"re::^CDV,re::^MPB17-ARO",